forceX,forceY,forceZ,torqueX,torqueY,torqueZ	
-74.7081756591797,-268.878662109375,25.650749206543,0.783127963542938,0.599656224250793,-0.686065793037415,	
-74.4767303466797,-269.008941650391,27.2714080810547,0.832517683506012,0.57163792848587,-0.694620788097382,	
-74.6285552978516,-268.579956054688,26.3367309570313,0.761094212532043,0.587624430656433,-0.674839556217194,	
-74.6250076293945,-268.664215087891,26.0471649169922,0.797174632549286,0.591620802879333,-0.688794195652008,	
-74.6161499023438,-268.913391113281,25.3759231567383,0.833371698856354,0.587856113910675,-0.661018848419189,	
-74.6941070556641,-268.620391845703,26.0428771972656,0.790055274963379,0.579268634319305,-0.680371224880219,	
-74.3196640014648,-269.356750488281,26.0189437866211,0.818558812141418,0.587984681129456,-0.672012507915497,	
-74.3999404907227,-268.799896240234,26.2536773681641,0.818854570388794,0.629660546779633,-0.663391411304474,	
-74.5601959228516,-268.792175292969,28.0831604003906,0.831828474998474,0.58881002664566,-0.703121662139893,	
-74.343879699707,-268.828308105469,26.3669738769531,0.790144622325897,0.586865901947021,-0.736627161502838,	
-74.4962310791016,-268.742370605469,26.0709838867188,0.825567483901978,0.566343426704407,-0.708731889724731,	
-74.4804229736328,-268.751220703125,27.5500259399414,0.817847371101379,0.572150468826294,-0.686204135417938,	
-74.4662475585938,-269.283569335938,27.0057830810547,0.825798869132996,0.609989643096924,-0.649387776851654,	
-74.3344192504883,-269.098754882813,27.3712005615234,0.817743599414825,0.563218653202057,-0.708719074726105,	
-74.7060317993164,-268.708129882813,26.5525817871094,0.811013698577881,0.583548009395599,-0.688792645931244,	
-74.6319580078125,-268.664398193359,27.55712890625,0.789559245109558,0.588577330112457,-0.688897609710693,	
-74.6106033325195,-268.938903808594,26.3709106445313,0.789739608764648,0.596684634685516,-0.649460732936859,	
-74.3265075683594,-268.666137695313,26.752082824707,0.797084391117096,0.558676540851593,-0.689144551753998,	
-74.3844909667969,-268.703430175781,26.2495498657227,0.790202379226685,0.595590889453888,-0.69149124622345,	
-74.6132125854492,-268.653594970703,25.4561233520508,0.797434151172638,0.599805474281311,-0.68043452501297,	
-74.1560516357422,-268.936431884766,26.834602355957,0.811473846435547,0.584534466266632,-0.641185283660889,	
-74.3853988647461,-269.405548095703,25.8130950927734,0.797468602657318,0.575375735759735,-0.649724781513214,	
-74.8526763916016,-269.591400146484,26.415771484375,0.818580627441406,0.580243289470673,-0.660741448402405,	
-74.1730728149414,-268.919677734375,26.9686660766602,0.818222165107727,0.596883058547974,-0.674833655357361,	
-74.6326370239258,-269.466339111328,27.4074783325195,0.825465738773346,0.610281109809875,-0.657982170581818,	
-74.618782043457,-268.927185058594,26.6391220092773,0.832646131515503,0.580484747886658,-0.643924057483673,	
-74.6184997558594,-268.939208984375,25.9614944458008,0.840435206890106,0.600623548030853,-0.677371561527252,	
-74.3221893310547,-269.2783203125,26.1935577392578,0.797100126743317,0.600057780742645,-0.691419064998627,	
-74.3963088989258,-268.978454589844,27.0545654296875,0.832743167877197,0.588799655437469,-0.657845437526703,	
-74.616340637207,-269.466674804688,26.4914245605469,0.825636804103851,0.559807062149048,-0.627146780490875,	
-74.778923034668,-268.944549560547,26.459098815918,0.80432140827179,0.59675657749176,-0.654960572719574,	
-74.2447891235352,-269.060577392578,26.9673538208008,0.804515421390533,0.588936984539032,-0.652372300624847,	
-74.7770233154297,-268.585876464844,26.9493713378906,0.825517594814301,0.609546184539795,-0.669018387794495,	
-74.5956115722656,-269.111907958984,26.2813262939453,0.833678841590881,0.614274799823761,-0.615724921226501,	
-74.5380020141602,-269.076202392578,27.2899169921875,0.818434417247772,0.597349047660828,-0.652252554893494,	
-74.4559326171875,-269.455627441406,25.9840927124023,0.819029331207275,0.605430483818054,-0.624173223972321,	
-74.4025192260742,-269.323486328125,26.3110122680664,0.825857400894165,0.600932359695435,-0.649397850036621,	
-74.7765731811523,-269.031341552734,26.8724746704102,0.84686940908432,0.572803914546967,-0.6298006772995,	
-74.7691421508789,-269.375396728516,26.30615234375,0.847601354122162,0.580748558044434,-0.6130730509758,	
-74.4640884399414,-269.207763671875,26.2673873901367,0.861896157264709,0.555459678173065,-0.635473847389221,	
-74.606315612793,-269.017028808594,26.1440505981445,0.804534733295441,0.588375091552734,-0.652338683605194,	
-74.6068115234375,-269.020812988281,26.9590454101563,0.825803875923157,0.601527273654938,-0.646649658679962,	
-74.6866912841797,-269.071350097656,26.9657745361328,0.825838565826416,0.601542115211487,-0.6465944647789,	
-74.6787948608398,-269.155395507813,27.1451187133789,0.832522869110107,0.581054270267487,-0.641062557697296,	
-74.3789367675781,-268.978515625,26.744499206543,0.790083825588226,0.572140038013458,-0.632887661457062,	
-74.7522964477539,-269.283203125,27.1810150146484,0.818258762359619,0.563758850097656,-0.655124485492706,	
-74.4541854858398,-269.280975341797,25.8822402954102,0.833219468593597,0.588939726352692,-0.62700366973877,	
-74.3861999511719,-269.691711425781,26.9036254882813,0.832996070384979,0.589796841144562,-0.604670584201813,	
-74.4595947265625,-269.731994628906,26.4310302734375,0.861529171466827,0.564719438552856,-0.616099715232849,	
-74.5232315063477,-269.591125488281,26.6022567749023,0.840040445327759,0.577201724052429,-0.610473930835724,	
-74.4647903442383,-269.641845703125,26.6090774536133,0.833208799362183,0.581371605396271,-0.604662358760834,	
-75.1278915405273,-269.608795166016,25.8096389770508,0.819542407989502,0.605777978897095,-0.581927239894867,	
-75.0509567260742,-269.657501220703,26.5727844238281,0.847515404224396,0.581569015979767,-0.596193969249725,	
-74.9705963134766,-269.430541992188,27.3563766479492,0.832598030567169,0.581604838371277,-0.610190212726593,	
-74.5134124755859,-269.766967773438,26.3955535888672,0.825855433940887,0.594173550605774,-0.579271495342255,	
-74.603271484375,-269.217681884766,26.66845703125,0.826237976551056,0.618817865848541,-0.607153058052063,	
-75.0584411621094,-269.395812988281,27.2981796264648,0.86875855922699,0.611025154590607,-0.598616242408752,	
-74.5242767333984,-269.689178466797,26.7812194824219,0.833004057407379,0.581623017787933,-0.58490926027298,	
-74.455436706543,-269.724975585938,26.817985534668,0.847770690917969,0.598264276981354,-0.587735235691071,	
-74.7644882202148,-269.559814453125,25.4920883178711,0.82619297504425,0.576432108879089,-0.596186101436615,	
-74.379508972168,-269.252868652344,27.0525131225586,0.861895740032196,0.615508496761322,-0.573446810245514,	
-74.7516937255859,-269.739868164063,27.3102264404297,0.854456305503845,0.586807727813721,-0.55134254693985,	
-74.3869018554688,-269.6904296875,26.7915878295898,0.86211097240448,0.598380327224731,-0.584886014461517,	
-74.3130111694336,-269.727264404297,27.409294128418,0.861583292484283,0.599023222923279,-0.601854503154755,	
-74.1534957885742,-269.550659179688,26.9832305908203,0.89034503698349,0.573565304279327,-0.607468068599701,	
-74.2229690551758,-269.865844726563,26.40380859375,0.869154572486877,0.5946324467659,-0.570730090141296,	
-74.7543487548828,-269.743225097656,26.4836044311523,0.826209604740143,0.586040019989014,-0.565303981304169,	
-74.9724502563477,-269.613098144531,25.7768859863281,0.862168490886688,0.589231073856354,-0.590346992015839,	
-74.5175247192383,-269.519989013672,25.8844909667969,0.819164395332336,0.589647769927979,-0.587747991085052,	
-74.5792007446289,-270.177673339844,27.7326965332031,0.847282528877258,0.599399030208588,-0.576500236988068,	
-74.7397079467773,-270.090423583984,27.2947387695313,0.876268804073334,0.591002106666565,-0.551236569881439,	
-74.8064575195313,-269.696319580078,27.0952072143555,0.84754204750061,0.607583820819855,-0.56814056634903,	
-74.438835144043,-269.997314453125,27.814094543457,0.861446917057037,0.599208414554596,-0.587665677070618,	
-74.9031829833984,-269.923400878906,26.4969787597656,0.869083523750305,0.59446257352829,-0.579128444194794,	
-75.2763900756836,-269.80126953125,27.1013259887695,0.861782073974609,0.607991695404053,-0.545596718788147,	
-74.7389068603516,-269.921600341797,27.2832717895508,0.854837954044342,0.586963415145874,-0.551183044910431,	
-74.8073196411133,-269.790710449219,25.7662734985352,0.855513215065002,0.602638244628906,-0.545558035373688,	
-74.7409286499023,-269.999908447266,27.2928237915039,0.847378373146057,0.590592920780182,-0.562493026256561,	
-74.6785430908203,-269.789276123047,26.6002578735352,0.854714632034302,0.59490042924881,-0.548433721065521,	
-74.8074798583984,-269.965301513672,27.5139465332031,0.840312719345093,0.612492382526398,-0.542885720729828,	
-74.7517166137695,-269.842041015625,26.719352722168,0.854898393154144,0.611377656459808,-0.551210463047028,	
-74.7318267822266,-269.917510986328,26.3094863891602,0.840631186962128,0.56940108537674,-0.548580229282379,	
-74.5161437988281,-270.229736328125,26.4409255981445,0.862184762954712,0.607725918292999,-0.537115514278412,	
-74.8081359863281,-269.875244140625,27.0078201293945,0.840114891529083,0.595534682273865,-0.534455955028534,	
-74.2805862426758,-270.176391601563,27.1990203857422,0.84012097120285,0.620504319667816,-0.534125149250031,	
-74.58544921875,-270.101226806641,27.3197708129883,0.862107813358307,0.615922033786774,-0.553926289081573,	
-75.2575225830078,-270.145690917969,27.1102066040039,0.862036406993866,0.591311573982239,-0.531446278095245,	
-74.9661712646484,-270.145721435547,26.8232192993164,0.876204788684845,0.582562208175659,-0.545547842979431,	
-74.7363586425781,-270.010437011719,27.6985015869141,0.876155436038971,0.616869628429413,-0.528630971908569,	
-74.8755798339844,-270.191741943359,27.6086654663086,0.868820786476135,0.579370558261871,-0.526096999645233,	
-74.8016052246094,-269.970153808594,26.9781036376953,0.861813366413116,0.583277583122253,-0.531686365604401,	
-74.8057022094727,-270.135925292969,26.7014617919922,0.869189023971558,0.570202827453613,-0.540020227432251,	
-74.8848495483398,-269.928039550781,27.1863861083984,0.854699432849884,0.595842897891998,-0.525993466377258,	
-74.7928466796875,-269.70751953125,27.4018707275391,0.876217544078827,0.600724518299103,-0.511952817440033,	
-74.8912048339844,-270.021759033203,26.8969879150391,0.876373052597046,0.599981904029846,-0.525884449481964,	
-74.6592254638672,-269.975189208984,27.0386581420898,0.869112074375153,0.596220850944519,-0.509295165538788,	
-75.1081161499023,-270.246551513672,26.4061508178711,0.912714421749115,0.587862610816956,-0.492313206195831,	
-74.876091003418,-270.549957275391,26.9172821044922,0.862322509288788,0.592179417610168,-0.486727952957153,	
-75.2511291503906,-270.155456542969,26.6943054199219,0.847926557064056,0.599890232086182,-0.495005428791046,	
-74.6668472290039,-270.508850097656,27.3301544189453,0.890539407730103,0.575534582138062,-0.495270073413849,	
-74.6609344482422,-269.979156494141,26.8566665649414,0.876632034778595,0.574786961078644,-0.512056648731232,	
-74.8073959350586,-269.976959228516,26.989372253418,0.868910372257233,0.612266361713409,-0.528583824634552,	
-74.5913696289063,-270.194580078125,26.9098968505859,0.898006558418274,0.612520515918732,-0.531405866146088,	
-75.1063461303711,-269.974426269531,27.4752960205078,0.890461564064026,0.592574000358582,-0.492345154285431,	
-75.0994033813477,-269.8916015625,27.3503265380859,0.86225950717926,0.617167592048645,-0.483670294284821,	
-74.9346771240234,-270.325836181641,26.899528503418,0.876590549945831,0.634256541728973,-0.483460307121277,	
-74.8110961914063,-270.24365234375,26.0717468261719,0.87667852640152,0.566956400871277,-0.472827136516571,	
-74.8070297241211,-270.165924072266,28.0171966552734,0.883193969726563,0.597135066986084,-0.486781895160675,	
-75.0179443359375,-270.111114501953,26.713134765625,0.905316770076752,0.608683288097382,-0.495026886463165,	
-74.5752792358398,-270.020233154297,27.0973281860352,0.890784382820129,0.609154760837555,-0.492287695407867,	
-75.1033554077148,-270.421356201172,27.1185073852539,0.898022472858429,0.605055630207062,-0.469757735729218,	
-75.1008605957031,-270.160919189453,27.3895492553711,0.912028133869171,0.605323255062103,-0.483790934085846,	
-75.0859680175781,-270.509735107422,26.4332122802734,0.891014039516449,0.575534880161285,-0.472716212272644,	
-75.0198822021484,-270.288421630859,26.8932266235352,0.898075520992279,0.596992373466492,-0.478291690349579,	
-75.0152130126953,-270.723358154297,27.5087585449219,0.890541553497314,0.617998063564301,-0.466816544532776,	
-74.8719940185547,-270.299865722656,27.4239959716797,0.89067554473877,0.593179941177368,-0.461475908756256,	
-75.1765975952148,-270.557189941406,27.6219482421875,0.868936598300934,0.604901492595673,-0.495062410831451,	
-75.1724853515625,-270.641937255859,27.3281784057617,0.869479954242706,0.613770127296448,-0.452885985374451,	
-75.173454284668,-270.386810302734,26.8991088867188,0.89804595708847,0.597454369068146,-0.450198471546173,	
-74.7137222290039,-270.381439208984,26.4798965454102,0.898351609706879,0.588873565196991,-0.427795827388763,	
-75.2376327514648,-270.258880615234,26.5895843505859,0.876570641994476,0.584409415721893,-0.444646179676056,	
-75.00537109375,-270.555206298828,27.8982849121094,0.890318036079407,0.585523426532745,-0.436178267002106,	
-75.2439346313477,-270.511322021484,26.9104995727539,0.905338406562805,0.60982871055603,-0.461406469345093,	
-75.0069122314453,-270.377471923828,27.5083541870117,0.897696912288666,0.60606461763382,-0.436017870903015,	
-75.5380706787109,-270.429565429688,26.9846649169922,0.86929851770401,0.597481191158295,-0.438984036445618,	
-75.3956146240234,-270.087860107422,27.1721878051758,0.876102447509766,0.576091229915619,-0.455950498580933,	
-75.0021286010742,-270.645324707031,26.9255752563477,0.898272097110748,0.639104545116425,-0.441464126110077,	
-75.3164443969727,-270.388732910156,26.3921203613281,0.883975744247437,0.58869868516922,-0.433313727378845,	
-75.3173675537109,-270.482879638672,27.1072540283203,0.912364661693573,0.58091938495636,-0.424905002117157,	
-75.1499481201172,-270.388580322266,27.7056274414063,0.898086249828339,0.631326079368591,-0.427463173866272,	
-75.2234725952148,-270.345458984375,27.5017623901367,0.876584649085999,0.627112805843353,-0.436031520366669,	
-75.4584579467773,-270.567932128906,28.2792816162109,0.919354140758514,0.611049950122833,-0.41914314031601,	
-75.1576156616211,-270.651885986328,27.3174819946289,0.926742017269135,0.614570260047913,-0.419180870056152,	
-75.4561080932617,-270.570373535156,26.9227600097656,0.891333103179932,0.627435445785522,-0.396776378154755,	
-75.1655120849609,-270.56787109375,28.1381454467773,0.897511124610901,0.598281919956207,-0.422240555286407,	
-75.161506652832,-270.392120361328,27.5942611694336,0.890609920024872,0.602421820163727,-0.416539311408997,	
-74.8708648681641,-270.218200683594,28.3005523681641,0.890530288219452,0.610381782054901,-0.447312414646149,	
-75.3122940063477,-270.572235107422,26.8129577636719,0.926783502101898,0.597375929355621,-0.430448889732361,	
-75.1548004150391,-270.394317626953,28.2066268920898,0.905113875865936,0.586197257041931,-0.411032497882843,	
-75.0821228027344,-270.262725830078,27.2875061035156,0.912761330604553,0.631238102912903,-0.410792291164398,	
-75.1712341308594,-270.310546875,26.8914031982422,0.926733911037445,0.589412212371826,-0.430636823177338,	
-75.244270324707,-270.531066894531,27.5116958618164,0.890610456466675,0.602469980716705,-0.413702130317688,	
-75.4591979980469,-270.658416748047,26.9865188598633,0.897913455963135,0.597967624664307,-0.416596472263336,	
-75.230842590332,-270.355377197266,27.2923889160156,0.883889377117157,0.59835821390152,-0.396922528743744,	
-75.6023712158203,-270.746643066406,27.6024551391602,0.876202523708344,0.602516651153564,-0.405312895774841,	
-75.7548522949219,-270.659912109375,26.690185546875,0.955679595470428,0.598305821418762,-0.38843047618866,	
-75.6806335449219,-270.537384033203,28.1211624145508,0.912237048149109,0.598881900310516,-0.399818658828735,	
-75.4491806030273,-270.31494140625,26.9031143188477,0.912991940975189,0.623625814914703,-0.396800220012665,	
-75.5247573852539,-270.536651611328,26.8878326416016,0.905322670936584,0.602637648582458,-0.38279002904892,	
-75.3795166015625,-270.359283447266,27.403190612793,0.919615030288696,0.628266215324402,-0.37992250919342,	
-75.6793975830078,-270.800567626953,27.5177612304688,0.919615507125854,0.62831437587738,-0.377085328102112,	
-75.824951171875,-270.620635986328,27.8906784057617,0.926442861557007,0.599323153495789,-0.374492645263672,	
-75.8244094848633,-270.718597412109,28.2154846191406,0.926225662231445,0.582927107810974,-0.366096615791321,	
-75.7416381835938,-270.579650878906,26.7980575561523,0.919993698596954,0.611108362674713,-0.363183081150055,	
-75.4399566650391,-270.317687988281,28.3059387207031,0.933693826198578,0.595560073852539,-0.36612731218338,	
-75.2379379272461,-270.539581298828,28.2102127075195,0.933687329292297,0.603878080844879,-0.377376854419708,	
-75.5306243896484,-270.536529541016,27.503776550293,0.905384838581085,0.619824290275574,-0.374417364597321,	
-75.4442291259766,-270.576141357422,26.3872299194336,0.913122475147247,0.614834666252136,-0.382737696170807,	
-75.6710586547852,-270.715637207031,27.5367889404297,0.918978750705719,0.578131556510925,-0.377398371696472,	
-75.8289489746094,-270.368774414063,27.9861297607422,0.911491930484772,0.566104114055634,-0.374787867069244,	
-75.5265197753906,-270.459075927734,26.9051742553711,0.941046714782715,0.599069595336914,-0.365996420383453,	
-75.8324127197266,-270.536285400391,28.0908737182617,0.947996914386749,0.595424890518188,-0.37729549407959,	
-75.5879592895508,-270.668579101563,27.5874786376953,0.962709128856659,0.595592558383942,-0.346383512020111,	
-75.5887680053711,-270.675201416016,28.7941055297852,0.919455230236053,0.613122522830963,-0.33240020275116,	
-75.74169921875,-270.416168212891,28.1076354980469,0.933879792690277,0.645609557628632,-0.363023459911346,	
-75.5297317504883,-270.461975097656,27.5827484130859,0.955547511577606,0.591447353363037,-0.354939877986908,	
-75.6729049682617,-270.550170898438,27.1986770629883,0.941335737705231,0.624618470668793,-0.337970376014709,	
-75.7407455444336,-270.587707519531,26.9920425415039,0.92720353603363,0.624587893486023,-0.340712249279022,	
-75.5236663818359,-270.546752929688,28.0836639404297,0.940922498703003,0.608429491519928,-0.346459865570068,	
-75.5142211914063,-270.724182128906,26.8830261230469,0.941483378410339,0.607657313346863,-0.337947845458984,	
-75.442985534668,-270.759704589844,28.0940017700195,0.926485896110535,0.60009503364563,-0.329713225364685,	
-75.6677703857422,-270.723388671875,26.9049911499023,0.970399677753448,0.6250981092453,-0.326661705970764,	
-75.6712875366211,-270.374694824219,27.980583190918,0.919608116149902,0.621026217937469,-0.338168382644653,	
-75.8093872070313,-270.631866455078,27.4920425415039,0.927029073238373,0.633360683917999,-0.321028649806976,	
-75.6717071533203,-270.547668457031,27.9957427978516,0.919577717781067,0.612504959106445,-0.338098883628845,	
-75.593376159668,-270.59423828125,26.9028701782227,0.9412761926651,0.607668280601501,-0.332380771636963,	
-75.8243789672852,-270.379272460938,28.8918151855469,0.919093370437622,0.605032980442047,-0.332637250423431,	
-75.8206558227539,-270.377288818359,27.9793395996094,0.934019565582275,0.587980449199677,-0.318615436553955,	
-75.5093231201172,-270.547058105469,27.8729248046875,0.948603928089142,0.612685263156891,-0.343644917011261,	
-75.6629486083984,-270.374084472656,28.76953125,0.933517754077911,0.613075435161591,-0.332605838775635,	
-75.5997772216797,-270.859313964844,28.1225662231445,0.962350904941559,0.587835669517517,-0.326983869075775,	
-76.1161346435547,-270.640563964844,27.8187026977539,0.962707817554474,0.604383170604706,-0.329708456993103,	
-75.729362487793,-270.592529296875,28.19140625,0.955338418483734,0.600205063819885,-0.335311412811279,	
-75.5934906005859,-270.681762695313,27.911376953125,0.955124199390411,0.57515424489975,-0.335525989532471,	
-75.5815124511719,-270.589569091797,27.2775039672852,0.926954984664917,0.599570155143738,-0.338144779205322,	
-75.7351684570313,-270.593688964844,27.6929321289063,0.962821066379547,0.620738565921783,-0.338046312332153,	
-75.8092269897461,-270.372985839844,27.4744415283203,0.933922290802002,0.604062497615814,-0.338185906410217,	
-75.8816604614258,-270.502197265625,27.2712478637695,0.941227674484253,0.599800825119019,-0.326894342899323,	
-75.8346328735352,-270.562927246094,26.7927017211914,0.94166362285614,0.599405348300934,-0.326869487762451,	
-75.7255249023438,-270.503051757813,27.2704467773438,0.920161128044128,0.604035198688507,-0.315702021121979,	
-75.8188629150391,-270.384002685547,27.7071304321289,0.905353903770447,0.595745265483856,-0.321343898773193,	
-75.8226318359375,-270.122009277344,28.1749572753906,0.94128155708313,0.600720465183258,-0.307404696941376,	
-75.7234191894531,-270.592224121094,28.3061370849609,0.940987408161163,0.58363401889801,-0.338168859481812,	
-75.8893966674805,-270.681610107422,27.3825073242188,0.905417919158936,0.604185044765472,-0.327032506465912,	
-76.1949234008789,-270.510711669922,27.4873962402344,0.941011130809784,0.583448648452759,-0.31588476896286,	
-75.8149337768555,-270.556701660156,27.1911697387695,0.912698149681091,0.616271555423737,-0.32123875617981,	
-75.6752624511719,-270.295471191406,26.9707107543945,0.934223413467407,0.603992164134979,-0.315684258937836,	
-75.9771270751953,-270.559387207031,27.8158187866211,0.934248805046082,0.6209756731987,-0.318491816520691,	
-75.6478271484375,-270.465270996094,27.6811828613281,0.919691562652588,0.604511797428131,-0.310107827186584,	
-75.9710693359375,-270.555847167969,28.1919784545898,0.912355244159698,0.600204348564148,-0.32416707277298,	
-75.9632415771484,-270.555999755859,26.870719909668,0.905393123626709,0.58724969625473,-0.321387767791748,	
-76.0298309326172,-270.41796875,27.7971420288086,0.919410169124603,0.604068458080292,-0.329738616943359,	
-75.9630355834961,-270.203643798828,26.8789443969727,0.92724484205246,0.616280436515808,-0.32963091135025,	
-75.6667785644531,-270.03125,28.1619644165039,0.919293582439423,0.587380409240723,-0.341037392616272,	
-75.9643402099609,-270.293640136719,27.0903854370117,0.934113740921021,0.612366020679474,-0.321201503276825,	
-75.9675674438477,-270.380859375,26.0378875732422,0.949006736278534,0.586503624916077,-0.324133336544037,	
-75.6764144897461,-270.206176757813,27.3543853759766,0.934460401535034,0.612454295158386,-0.32415771484375,	
-75.8200912475586,-270.377777099609,27.9751281738281,0.940637528896332,0.592143833637238,-0.329886257648468,	
-75.9815292358398,-270.294677734375,26.9726486206055,0.934355735778809,0.61236560344696,-0.326936841011047,	
-75.9705429077148,-270.290649414063,28.0882263183594,0.92668217420578,0.592463433742523,-0.315999925136566,	
-75.8845977783203,-270.515441894531,27.6162872314453,0.948404371738434,0.604470193386078,-0.321377396583557,	
-75.8940734863281,-270.599395751953,26.6056900024414,0.963010132312775,0.595469832420349,-0.326942443847656,	
-75.89404296875,-270.339691162109,27.9718322753906,0.912099540233612,0.592347741127014,-0.313113689422607,	
-75.6592712402344,-270.463897705078,27.6763381958008,0.912714600563049,0.616940140724182,-0.315766513347626,	
-76.1280975341797,-270.551635742188,27.5788955688477,0.912822067737579,0.608378231525421,-0.321374356746674,	
-76.129035949707,-270.47314453125,26.8993453979492,0.948664009571075,0.603768050670624,-0.335367023944855,	
-75.8242797851563,-270.119140625,27.488639831543,0.955839216709137,0.617232501506805,-0.312951505184174,	
-75.9769821166992,-270.212158203125,27.173469543457,0.934252083301544,0.612373352050781,-0.324041545391083,	
-75.7393798828125,-270.246704101563,27.5816879272461,0.920113146305084,0.629547595977783,-0.315683841705322,	
-75.8889923095703,-270.335998535156,27.4726791381836,0.934425413608551,0.621330499649048,-0.301640093326569,	
-75.965934753418,-270.562164306641,27.0133438110352,0.941415369510651,0.616658508777618,-0.307197272777557,	
-76.0470428466797,-270.163726806641,26.6697082519531,0.934549927711487,0.611966192722321,-0.321400165557861,	
-75.658203125,-270.376281738281,28.0872116088867,0.955268919467926,0.60906195640564,-0.313072383403778,	
-75.9710388183594,-270.296142578125,27.5581207275391,0.927044212818146,0.600548803806305,-0.315986394882202,	
-75.9733123779297,-270.297241210938,27.0001754760742,0.94831258058548,0.587745547294617,-0.301657021045685,	
-75.8221282958984,-270.20556640625,27.0550842285156,0.955957591533661,0.62517786026001,-0.315490424633026,	
-76.0409240722656,-270.0771484375,27.1615219116211,0.919985711574554,0.603772282600403,-0.327103197574615,	
-75.6609878540039,-270.294525146484,27.874397277832,0.933457612991333,0.562745034694672,-0.321548163890839,	
-76.3495407104492,-269.989562988281,27.2500610351563,0.898492157459259,0.624717056751251,-0.324215590953827,	
-76.1159515380859,-270.121948242188,28.1672515869141,0.934021294116974,0.588120520114899,-0.310327589511871,	
-75.9637908935547,-270.205810546875,27.9614181518555,0.934052586555481,0.59673798084259,-0.304722607135773,	
-75.7425842285156,-270.337951660156,26.8840255737305,0.948587834835052,0.58761590719223,-0.315848827362061,	
-75.9674224853516,-270.027252197266,27.660530090332,0.905352771282196,0.60453599691391,-0.30466890335083,	
-76.2621612548828,-270.204711914063,27.8727645874023,0.919650912284851,0.612863004207611,-0.318575501441956,	
-75.7393341064453,-270.159637451172,28.3425064086914,0.912252247333527,0.600255727767944,-0.318658232688904,	
-75.9632110595703,-270.374206542969,27.2717819213867,0.934254884719849,0.612605333328247,-0.310302734375,	
-76.1102294921875,-270.463592529297,27.1839218139648,0.955605685710907,0.600163698196411,-0.310251235961914,	
-75.8157958984375,-270.2919921875,26.7885208129883,0.941986382007599,0.624872922897339,-0.304462730884552,	
-75.7518615722656,-270.428680419922,27.4553680419922,0.941494822502136,0.592339158058167,-0.304782748222351,	
-75.961051940918,-270.296691894531,27.3784942626953,0.955316483974457,0.583501636981964,-0.315927922725677,	
-75.5288162231445,-270.480438232422,28.366584777832,0.948036134243011,0.604751110076904,-0.32980340719223,	
-75.9567031860352,-270.212158203125,27.5774612426758,0.919837832450867,0.620737910270691,-0.326902091503143,	
-75.8962783813477,-270.081085205078,28.780029296875,0.955323874950409,0.601191222667694,-0.310257732868195,	
-76.0437774658203,-270.073760986328,27.2529449462891,0.912860155105591,0.566454708576202,-0.318787395954132,	
-75.5858306884766,-270.250518798828,27.9849243164063,0.941636204719543,0.625966906547546,-0.29890513420105,	
-76.2627639770508,-269.943267822266,26.8575439453125,0.934791624546051,0.620857238769531,-0.30456268787384,	
-76.0270843505859,-270.160827636719,26.9555892944336,0.941490948200226,0.641649723052979,-0.307203233242035,	
-75.9646682739258,-270.206481933594,28.2023544311523,0.9194695353508,0.596574008464813,-0.304673492908478,	
-75.8929443359375,-270.074981689453,28.3638687133789,0.948367774486542,0.613202154636383,-0.307371079921722,	
-76.1115112304688,-270.293884277344,27.7615127563477,0.934066355228424,0.604590475559235,-0.31026417016983,	
-75.88623046875,-270.329437255859,27.0607299804688,0.91983687877655,0.587305784225464,-0.324494659900665,	
-75.9711303710938,-270.039642333984,29.162841796875,0.940663158893585,0.618062257766724,-0.307507157325745,	
-75.961555480957,-270.380096435547,27.88330078125,0.926688611507416,0.584145426750183,-0.304750204086304,	
-75.9687805175781,-270.126403808594,27.5762329101563,0.941363871097565,0.608502447605133,-0.318733990192413,	
-75.8061218261719,-269.941650390625,28.2321624755859,0.948574006557465,0.613094866275787,-0.318612575531006,	
-75.5947494506836,-270.082733154297,27.3856201171875,0.94870263338089,0.64638215303421,-0.298793852329254,	
-76.0429992675781,-270.164611816406,27.3753356933594,0.92688113451004,0.583601713180542,-0.307725012302399,	
-76.0428161621094,-270.078338623047,28.2524185180664,0.92661452293396,0.58369106054306,-0.329947948455811,	
-75.8068466186523,-270.200042724609,27.7539749145508,0.92708432674408,0.592149436473846,-0.31035590171814,	
-75.6576538085938,-270.2041015625,27.6883163452148,0.919866859912872,0.604717969894409,-0.301991164684296,	
-75.7422943115234,-270.164184570313,28.2526092529297,0.933919668197632,0.621648073196411,-0.304612338542938,	
-75.9646682739258,-270.290771484375,27.472282409668,0.955810129642487,0.608803331851959,-0.307431280612946,	
-75.9710388183594,-270.296142578125,27.0581207275391,0.920195579528809,0.603997707366943,-0.318707764148712,	
-75.6637268066406,-270.20361328125,27.4573287963867,0.927128493785858,0.608523070812225,-0.315966963768005,	
-76.1144943237305,-270.205383300781,26.9667510986328,0.919770061969757,0.5875164270401,-0.310419023036957,	
-75.9073104858398,-270.256469726563,27.6735458374023,0.927023112773895,0.608390629291534,-0.321359574794769,	
-75.8927993774414,-270.248413085938,26.3748092651367,0.92024177312851,0.620563805103302,-0.312969923019409,	
-76.0465774536133,-269.819366455078,27.1454467773438,0.927133321762085,0.600065052509308,-0.313005089759827,	
-75.7433395385742,-269.903076171875,27.3578643798828,0.934433937072754,0.60426139831543,-0.304675281047821,	
-75.7340469360352,-270.069274902344,27.4511184692383,0.919943630695343,0.62091851234436,-0.318672239780426,	
-75.81494140625,-270.113952636719,26.5727920532227,0.927427113056183,0.608216643333435,-0.30742746591568,	
-75.5907974243164,-270.153259277344,27.9605407714844,0.91989654302597,0.613195359706879,-0.304674208164215,	
-75.7430572509766,-270.077331542969,27.4850692749023,0.905392527580261,0.629420042037964,-0.310180902481079,	
-75.5199127197266,-270.205474853516,27.8475189208984,0.941179811954498,0.591977119445801,-0.318794250488281,	
-75.6604156494141,-269.942260742188,27.5314636230469,0.927082717418671,0.600892007350922,-0.29651802778244,	
-75.7518920898438,-270.083404541016,28.666015625,0.933933615684509,0.622080326080322,-0.313102543354034,	
-75.8823471069336,-269.984252929688,29.3607406616211,0.962083995342255,0.605694472789764,-0.304731726646423,	
-75.7493667602539,-270.246154785156,28.2613143920898,0.948297798633575,0.613128304481506,-0.310095071792603,	
-76.1113052368164,-269.941528320313,27.7697296142578,0.905701160430908,0.595881700515747,-0.321463108062744,	
-76.1278915405273,-269.959136962891,27.7473754882813,0.955695450305939,0.592303574085236,-0.307604968547821,	
-76.1162261962891,-269.868103027344,28.350227355957,0.898364722728729,0.600461006164551,-0.313173174858093,	
-75.8001098632813,-270.383636474609,27.6959609985352,0.941042482852936,0.592065989971161,-0.310279786586761,	
-75.8848266601563,-269.817047119141,27.6412734985352,0.948763072490692,0.621157765388489,-0.315814018249512,	
-75.6628494262695,-269.951721191406,27.5615234375,0.955945074558258,0.61741304397583,-0.304721593856812,	
-76.0481872558594,-269.994842529297,26.8635482788086,0.927114307880402,0.60804271697998,-0.310313820838928,	
-75.8165130615234,-270.118041992188,27.7817916870117,0.948656022548676,0.629767894744873,-0.307368874549866,	
-75.8906936645508,-270.421905517578,27.1804428100586,0.94831246137619,0.587688863277435,-0.304941296577454,	
-75.6670989990234,-270.028381347656,28.0438613891602,0.962662041187286,0.630083560943604,-0.31856495141983,	
-75.8194580078125,-270.295196533203,28.0865783691406,0.941059827804565,0.583891570568085,-0.324543356895447,	
-75.9837036132813,-270.037322998047,28.1664276123047,0.92686402797699,0.608800768852234,-0.327064573764801,	
-75.9730682373047,-270.212249755859,29.2628402709961,0.948054850101471,0.605608105659485,-0.313206136226654,	
-76.0449295043945,-270.067077636719,28.2516250610352,0.919676899909973,0.59655886888504,-0.310464143753052,	
-76.0499954223633,-269.815521240234,28.741081237793,0.926818132400513,0.601169466972351,-0.307615876197815,	
-75.9639129638672,-269.772644042969,27.3166198730469,0.927561640739441,0.616778314113617,-0.307555079460144,	
-75.8925476074219,-269.646759033203,27.3390197753906,0.948840439319611,0.604070544242859,-0.321576118469238,	
-75.9619598388672,-270.120727539063,27.8699188232422,0.91252613067627,0.608920931816101,-0.315951526165009,	
-75.8952484130859,-269.732513427734,28.6714553833008,0.912520468235016,0.62622207403183,-0.299177467823029,	
-75.5977935791016,-269.994659423828,27.8601760864258,0.934530735015869,0.621462941169739,-0.296247363090515,	
-76.1068115234375,-270.030395507813,26.9796447753906,0.920376360416412,0.629125595092773,-0.313097476959229,	
-75.5890731811523,-270.160400390625,27.457649230957,0.969680845737457,0.600456893444061,-0.32439786195755,	
-75.5867233276367,-270.247192382813,27.8710403442383,0.948210775852203,0.580464482307434,-0.293869376182556,	
-75.824104309082,-269.954986572266,27.8308029174805,0.927116870880127,0.600858807563782,-0.299300074577332,	
-75.8911056518555,-269.557556152344,28.2438354492188,0.933835744857788,0.604782521724701,-0.327204763889313,	
-75.8294830322266,-269.866760253906,27.8618316650391,0.927366018295288,0.617033302783966,-0.321603298187256,	
-75.5862274169922,-270.163787841797,28.3662261962891,0.93387359380722,0.605081737041473,-0.310350120067596,	
-75.9756927490234,-270.033813476563,28.3372573852539,0.948425114154816,0.596628367900848,-0.31600421667099,	
-75.7482223510742,-269.647827148438,27.8394241333008,0.970030605792999,0.600833892822266,-0.310331165790558,	
-75.9032211303711,-270.085968017578,27.3700790405273,0.941885650157928,0.608805596828461,-0.313126623630524,	
-75.8854064941406,-269.728240966797,27.0207290649414,0.934613585472107,0.629297316074371,-0.304515838623047,	
-75.9020767211914,-269.734191894531,27.5229339599609,0.940901339054108,0.58288311958313,-0.346812009811401,	
-75.8002395629883,-269.587310791016,28.1225967407227,0.934258103370667,0.605469465255737,-0.296451807022095,	
-75.6571044921875,-269.758819580078,27.6405258178711,0.912323892116547,0.600469529628754,-0.307646214962006,	
-75.8937072753906,-270.072448730469,28.3662414550781,0.940883874893188,0.592519879341125,-0.313371300697327,	
-75.9531478881836,-270.026306152344,28.064208984375,0.955476820468903,0.609094977378845,-0.316025793552399,	
-75.6074600219727,-269.996978759766,27.6579132080078,0.934587121009827,0.604797303676605,-0.310331284999847,	
-75.5937042236328,-269.986389160156,27.3615493774414,0.934249579906464,0.587683737277985,-0.30779641866684,	
-76.0459289550781,-269.909423828125,27.1515808105469,0.920088708400726,0.612603545188904,-0.310486137866974,	
-75.9794311523438,-269.780548095703,27.7400436401367,0.912956178188324,0.583555817604065,-0.316257476806641,	
-75.8206481933594,-269.944976806641,26.4508056640625,0.899032533168793,0.633297204971313,-0.299062132835388,	
-76.1912231445313,-269.8154296875,28.0269470214844,0.898256242275238,0.608926773071289,-0.313239693641663,	
-75.8984680175781,-269.735412597656,28.3490524291992,0.919290661811829,0.604913711547852,-0.310524523258209,	
-75.7482681274414,-269.819213867188,27.348518371582,0.88461047410965,0.616556227207184,-0.310317873954773,	
-75.6653060913086,-269.764953613281,27.0479431152344,0.941868901252747,0.617023706436157,-0.296249389648438,	
-76.261474609375,-269.598022460938,27.1363983154297,0.905750274658203,0.612679898738861,-0.301986575126648,	
-75.7348251342773,-269.894104003906,26.5587997436523,0.927856981754303,0.625074207782745,-0.293465733528137,	
-75.5984039306641,-269.895446777344,27.649787902832,0.962987959384918,0.60467803478241,-0.318812847137451,	
-76.121452331543,-270.037628173828,27.1621246337891,0.934953212738037,0.604323923587799,-0.313253879547119,	
-75.9700317382813,-269.774932861328,27.5548782348633,0.9414883852005,0.600657165050507,-0.316032588481903,	
-75.9743118286133,-269.428405761719,27.7129516601563,0.905410170555115,0.58796215057373,-0.313302040100098,	
-75.6672668457031,-269.682312011719,28.1382446289063,0.919854462146759,0.621402323246002,-0.321653425693512,	
-75.8866882324219,-270.241424560547,27.0564498901367,0.913003146648407,0.600165903568268,-0.307906031608582,	
-76.2009658813477,-269.561248779297,28.4294052124023,0.926956057548523,0.601128756999969,-0.31329333782196,	
-75.8836288452148,-269.814544677734,26.9383316040039,0.905700206756592,0.562449514865875,-0.31905597448349,	
-75.7465515136719,-269.905975341797,27.5354461669922,0.927119731903076,0.625540018081665,-0.31599235534668,	
-76.0554122924805,-269.825469970703,27.8264007568359,0.891569912433624,0.604829728603363,-0.296404838562012,	
-76.0417633056641,-269.470062255859,28.0099945068359,0.927213430404663,0.609125435352325,-0.316058754920959,	
-75.754753112793,-269.475067138672,26.8342208862305,0.898860156536102,0.624436259269714,-0.31578928232193,	
-75.6682510375977,-269.859497070313,28.2377090454102,0.926685452461243,0.592743635177612,-0.29942399263382,	
-76.0531463623047,-269.817993164063,27.1493453979492,0.898635864257813,0.625197112560272,-0.299130856990814,	
-75.6629409790039,-269.941741943359,28.2410049438477,0.934259474277496,0.596674680709839,-0.31335037946701,	
-75.5958786010742,-269.729034423828,27.5553283691406,0.913074553012848,0.633719861507416,-0.304752290248871,	
-75.7427291870117,-269.811767578125,26.5343704223633,0.920380353927612,0.620566844940186,-0.316033661365509,	
-75.8188095092773,-269.864593505859,28.9394073486328,0.962353527545929,0.580647230148315,-0.316193819046021,	
-75.7449111938477,-269.548706054688,27.7183990478516,0.956122696399689,0.608924806118011,-0.307605743408203,	
-75.8984680175781,-269.735412597656,27.8490524291992,0.912747263908386,0.583426713943481,-0.318978428840637,	
-75.9782104492188,-269.600952148438,27.5182495117188,0.920222520828247,0.621121346950531,-0.313227295875549,	
-75.7394561767578,-269.642181396484,26.9277877807617,0.934952020645142,0.613114535808563,-0.296578824520111,	
-75.9700775146484,-270.030639648438,28.3338851928711,0.919921398162842,0.630130708217621,-0.310319066047668,	
-75.8282089233398,-269.678009033203,27.4357833862305,0.919548034667969,0.612910270690918,-0.313289999961853,	
-75.5829010009766,-269.63232421875,27.216667175293,0.906132161617279,0.612831234931946,-0.302050769329071,	
-75.8179016113281,-269.765747070313,27.1441802978516,0.94158536195755,0.62527471780777,-0.304879486560822,	
-75.5875396728516,-269.812744140625,27.6141891479492,0.927009463310242,0.600533843040466,-0.316041648387909,	
-75.8190536499023,-269.866973876953,27.5617218017578,0.934769749641418,0.621178328990936,-0.318782389163971,	
-75.5343246459961,-269.600646972656,27.4043579101563,0.948645174503326,0.613260626792908,-0.310437798500061,	
-76.1310272216797,-269.254425048828,27.8232803344727,0.912990868091583,0.583570778369904,-0.316202342510223,	
-76.0415878295898,-269.461730957031,27.9219970703125,0.920101046562195,0.621830821037292,-0.302077770233154,	
-75.652099609375,-269.764312744141,27.8456344604492,0.912935256958008,0.633616328239441,-0.307586491107941,	
-76.1856918334961,-269.555725097656,27.1282958984375,0.919846177101135,0.612555682659149,-0.307587921619415,	
-75.6624298095703,-269.503936767578,27.7425537109375,0.92695164680481,0.617055177688599,-0.310469150543213,	
-75.3691864013672,-269.939788818359,27.9733200073242,0.89818286895752,0.617455661296844,-0.310413777828217,	
-75.4428100585938,-269.636138916016,27.5193328857422,0.941084682941437,0.583798170089722,-0.296808302402496,	
-75.7600860595703,-269.73681640625,27.2347106933594,0.934571444988251,0.604168236255646,-0.313413321971893,	
-75.9113922119141,-269.474945068359,28.2248229980469,0.948486506938934,0.604831874370575,-0.335655093193054,	
-75.6728363037109,-269.951171875,28.2411499023438,0.955531060695648,0.567791938781738,-0.310803771018982,	
-76.0463790893555,-269.821441650391,27.6472930908203,0.927254736423492,0.600818037986755,-0.304977416992188,	
-75.5900268554688,-269.993560791016,27.6533355712891,0.919877469539642,0.621173024177551,-0.301982998847961,	
-75.9741363525391,-269.257843017578,27.3201065063477,0.920650064945221,0.604459166526794,-0.302085638046265,	
-75.9070816040039,-269.646087646484,27.2028121948242,0.934673368930817,0.604024946689606,-0.324373126029968,	
-75.9661712646484,-269.421020507813,26.4199523925781,0.906433820724487,0.646140933036804,-0.285017013549805,	
-76.1318588256836,-269.3349609375,27.7099990844727,0.920315027236938,0.604614913463593,-0.318744421005249,	
-75.7451782226563,-269.378448486328,26.446044921875,0.942155599594116,0.60011351108551,-0.296453356742859,	
-76.1893692016602,-269.386352539063,28.0316772460938,0.941340744495392,0.61761862039566,-0.316054999828339,	
-75.9750366210938,-269.686828613281,28.234748840332,0.955403983592987,0.617671847343445,-0.310362815856934,	
-75.8988189697266,-269.992248535156,27.3647918701172,0.934707999229431,0.612922310829163,-0.302192091941833,	
-75.4449844360352,-269.815826416016,27.8217544555664,0.941528558731079,0.592257797718048,-0.310401976108551,	
-75.6082000732422,-269.812652587891,27.5613479614258,0.94170731306076,0.617193341255188,-0.316140472888947,	
-75.9771347045898,-269.51806640625,27.5092315673828,0.927284777164459,0.60040420293808,-0.33023339509964,	
-75.6584320068359,-269.676208496094,27.4572906494141,0.92725658416748,0.592071175575256,-0.319038808345795,	
-75.9849700927734,-269.435272216797,27.2154693603516,0.913071095943451,0.600108087062836,-0.313022971153259,	
-76.1252899169922,-269.606475830078,27.429801940918,0.898901045322418,0.608660459518433,-0.310493767261505,	
-75.9705505371094,-269.607788085938,28.1300888061523,0.941648662090302,0.592918932437897,-0.307825088500977,	
-76.0446319580078,-269.294036865234,27.7067413330078,0.891323924064636,0.604445099830627,-0.313366830348969,	
-75.9718933105469,-269.516448974609,27.5119171142578,0.91320413351059,0.608525395393372,-0.321662127971649,	
-76.2041168212891,-269.210968017578,27.4989471435547,0.927574217319489,0.626001298427582,-0.299370110034943,	
-75.8064498901367,-269.854461669922,27.8441390991211,0.934550046920776,0.604541838169098,-0.324572324752808,	
-75.7339477539063,-269.3720703125,26.9393005371094,0.905586540699005,0.629020690917969,-0.304644167423248,	
-75.828125,-269.68798828125,26.7563095092773,0.912912666797638,0.607982039451599,-0.31316602230072,	
-75.754638671875,-269.3828125,27.2456207275391,0.948873341083527,0.612827956676483,-0.307683110237122,	
-75.2979507446289,-269.897399902344,27.6493835449219,0.905843555927277,0.596212983131409,-0.305113673210144,	
-75.7561416625977,-269.555084228516,28.7251434326172,0.941363394260406,0.634365856647491,-0.332824945449829,	
-75.9091720581055,-269.476623535156,28.2520294189453,0.940987586975098,0.592512249946594,-0.316266596317291,	
-75.7622985839844,-269.218505859375,26.909049987793,0.934595584869385,0.587728261947632,-0.3133664727211,	
-75.8801193237305,-269.637878417969,27.6293334960938,0.913205146789551,0.608621597290039,-0.315987884998322,	
-75.9757766723633,-269.777313232422,26.9419937133789,0.920194029808044,0.603853344917297,-0.327219307422638,	
-75.8918685913086,-269.639343261719,27.5161285400391,0.948928415775299,0.604957163333893,-0.304868519306183,	
-75.8998489379883,-269.383117675781,28.71142578125,0.926923513412476,0.601302027702332,-0.302223145961761,	
-75.662956237793,-269.769104003906,27.3463134765625,0.941542565822601,0.600106120109558,-0.316167116165161,	
-75.7260894775391,-269.627471923828,27.6277313232422,0.941353619098663,0.558707237243652,-0.310883939266205,	
-75.7330474853516,-269.459716796875,26.823112487793,0.913437724113464,0.608565390110016,-0.290982604026794,	
-75.5221786499023,-269.685913085938,28.1362762451172,0.927529573440552,0.609579563140869,-0.29659628868103,	
-76.0478134155273,-269.473602294922,27.6338348388672,0.948508203029633,0.604458272457123,-0.324496209621429,	
-75.8237686157227,-269.603424072266,26.4552917480469,0.927531480789185,0.608252882957458,-0.307709097862244,	
-75.8943481445313,-269.387817382813,27.5267333984375,0.934237122535706,0.571036040782928,-0.319153368473053,	
-75.6032562255859,-269.81689453125,27.8808670043945,0.919850587844849,0.629956483840942,-0.318940758705139,	
-75.6712646484375,-269.510040283203,27.4235153198242,0.927290797233582,0.592037975788116,-0.321820855140686,	
-75.8256988525391,-269.261047363281,26.9117279052734,0.906131684780121,0.612783193588257,-0.30488783121109,	
-75.9689559936523,-269.339294433594,27.7071380615234,0.927131831645966,0.60880321264267,-0.29939079284668,	
-75.7459411621094,-269.81298828125,27.0570449829102,0.934601664543152,0.612693667411804,-0.313259184360504,	
-75.7374572753906,-269.633056640625,27.5182189941406,0.905953168869019,0.621175169944763,-0.307678163051605,	
-75.4541931152344,-269.821838378906,27.3538589477539,0.920256733894348,0.587752103805542,-0.30792760848999,	
-76.2095642089844,-269.558563232422,27.7530364990234,0.934200823307037,0.570881068706512,-0.327496528625488,	
-75.9072494506836,-269.382629394531,27.4122161865234,0.92743057012558,0.592189729213715,-0.316149473190308,	
-75.8256607055664,-269.604614257813,27.5461883544922,0.927366018295288,0.617033302783966,-0.321603298187256,	
-75.8181915283203,-269.340942382813,28.0873870849609,0.934622287750244,0.6470747590065,-0.293618321418762,	
-75.9033813476563,-269.471466064453,26.3956604003906,0.91336590051651,0.599412202835083,-0.327404677867889,	
-76.1189880371094,-269.684173583984,27.7282943725586,0.90616250038147,0.621352434158325,-0.3021200299263,	
-75.6000747680664,-269.554718017578,26.8387451171875,0.920634865760803,0.637214004993439,-0.310412168502808,	
-75.6657791137695,-269.421722412109,27.0339660644531,0.927315831184387,0.591996967792511,-0.291025221347809,	
-75.5987854003906,-269.376373291016,27.0025482177734,0.934707522392273,0.612874269485474,-0.305029273033142,	
-75.4469604492188,-269.643157958984,27.1323852539063,0.941783964633942,0.60006195306778,-0.324516236782074,	
-75.3711090087891,-269.680053710938,27.5447769165039,0.920037746429443,0.613434731960297,-0.293775498867035,	
-75.6782073974609,-269.514923095703,27.0135650634766,0.934735178947449,0.587827563285828,-0.310755789279938,	
-76.1231842041016,-269.425537109375,26.7418060302734,0.934819340705872,0.595806181430817,-0.310512721538544,	
-75.817741394043,-269.5068359375,27.126579284668,0.899014055728912,0.625015914440155,-0.3188316822052,	
-75.9004440307617,-269.647033691406,27.4295959472656,0.919859409332275,0.579608142375946,-0.310610115528107,	
-75.9674835205078,-269.511047363281,26.6313934326172,0.920736014842987,0.645909547805786,-0.301859736442566,	
-75.6645202636719,-269.503082275391,28.3316192626953,0.913050174713135,0.609407901763916,-0.299442529678345,	
-75.5105438232422,-269.856262207031,28.0279083251953,0.912596762180328,0.609038412570953,-0.310613930225372,	
-75.8341751098633,-269.775817871094,26.6500701904297,0.927530467510223,0.608156681060791,-0.313383460044861,	
-75.5978088378906,-269.469299316406,27.6267852783203,0.927299320697784,0.617239773273468,-0.307751178741455,	
-75.5930023193359,-269.634948730469,28.134880065918,0.948311388492584,0.580172419548035,-0.313564240932465,	
-75.9028549194336,-269.559020996094,27.6306228637695,0.941597580909729,0.592235445976257,-0.313352406024933,	
-76.2042083740234,-269.471099853516,27.4021224975586,0.920102953910828,0.579752206802368,-0.307834029197693,	
-75.8892822265625,-269.556793212891,27.4222564697266,0.956005871295929,0.592237055301666,-0.318904519081116,	
-76.031982421875,-269.380249023438,27.2037582397461,0.920534014701843,0.58781498670578,-0.310770750045776,	
-76.0535125732422,-269.38720703125,27.6268692016602,0.891646802425385,0.62102597951889,-0.31330943107605,	
-76.0428695678711,-269.292022705078,26.4995880126953,0.884442090988159,0.608019232749939,-0.307855367660522,	
-75.9711074829102,-269.337188720703,26.4106063842773,0.941894948482513,0.582893311977386,-0.335897564888,	
-75.6741790771484,-269.505401611328,26.1293487548828,0.913531601428986,0.624015748500824,-0.318755090236664,	
-75.4489440917969,-269.90283203125,27.4715576171875,0.962993085384369,0.596211135387421,-0.316298186779022,	
-75.680793762207,-269.513153076172,27.8375091552734,0.920293033123016,0.621243178844452,-0.307666182518005,	
-75.4388961791992,-269.988952636719,27.9474258422852,0.941118955612183,0.567457914352417,-0.324888408184052,	
-75.6668243408203,-269.681976318359,27.0177688598633,0.94196891784668,0.616683602333069,-0.318781435489655,	
-76.1217422485352,-269.338012695313,27.8015289306641,0.920293033123016,0.621243178844452,-0.307666182518005,	
-75.8383407592773,-269.257476806641,26.5297241210938,0.935346186161041,0.62097841501236,-0.31047248840332,	
-75.5353088378906,-269.693511962891,27.7339096069336,0.941732108592987,0.600797116756439,-0.313479900360107,	
-75.4536514282227,-269.208618164063,27.9914779663086,0.927241265773773,0.584074318408966,-0.322008728981018,	
-75.9818801879883,-269.431579589844,27.421630859375,0.934554934501648,0.596079468727112,-0.321834146976471,	
-76.0382537841797,-269.293395996094,27.7009963989258,0.920395016670227,0.621095478534698,-0.318849503993988,	
-76.1095123291016,-269.679809570313,27.9287109375,0.934435129165649,0.630264759063721,-0.310478329658508,	
-75.6630325317383,-269.326812744141,26.9972610473633,0.920089840888977,0.612695455551147,-0.305035293102264,	
-75.8152770996094,-269.423492431641,26.4164581298828,0.9348304271698,0.612309217453003,-0.307667255401611,	
-75.8180465698242,-269.592315673828,27.6332397460938,0.927336871623993,0.60860413312912,-0.316083073616028,	
-75.7343521118164,-269.197021484375,27.1958389282227,0.906201601028442,0.612856864929199,-0.302163898944855,	
-75.5920181274414,-269.457763671875,28.5354156494141,0.948244512081146,0.613714814186096,-0.307793855667114,	
-75.4501266479492,-269.199859619141,27.4970703125,0.927617907524109,0.608995199203491,-0.299512982368469,	
-75.5240097045898,-269.686676025391,26.9578475952148,0.920115768909454,0.587508499622345,-0.319049835205078,	
-75.6047058105469,-269.465026855469,27.5125732421875,0.934376955032349,0.604519546031952,-0.321787297725677,	
-75.5277938842773,-269.689117431641,27.6396408081055,0.941776633262634,0.617223143577576,-0.316030204296112,	
-75.6747055053711,-269.770568847656,27.7331085205078,0.956007540225983,0.592377007007599,-0.310616493225098,	
-75.669189453125,-269.422546386719,28.2096939086914,0.94119781255722,0.583846509456635,-0.33044421672821,	
-75.8264007568359,-269.342376708984,27.4146881103516,0.919715106487274,0.587967097759247,-0.316182374954224,	
-75.6559371948242,-269.417449951172,26.8832244873047,0.920185804367065,0.587582349777222,-0.316325902938843,	
-75.6676025390625,-269.344573974609,27.8206253051758,0.920220851898193,0.620981335639954,-0.321515321731567,	
-75.3704605102539,-269.770080566406,27.050910949707,0.913255095481873,0.616576731204987,-0.316246867179871,	
-75.8309631347656,-269.252258300781,28.3191986083984,0.92736029624939,0.634334444999695,-0.304829239845276,	
-75.5893249511719,-269.642120361328,27.4266662597656,0.905738353729248,0.596076369285583,-0.310729920864105,	
-75.5919723510742,-269.286376953125,27.5263137817383,0.898333549499512,0.59183943271637,-0.3190016746521,	
-75.522216796875,-269.504577636719,26.8066558837891,0.934763491153717,0.603580594062805,-0.319001734256744,	
-75.73583984375,-269.373291015625,27.5301971435547,0.905584573745728,0.588072001934052,-0.310859739780426,	
-75.6771850585938,-269.598693847656,26.9335327148438,0.93470686674118,0.612830519676208,-0.307642936706543,	
-75.5971755981445,-269.548950195313,27.5430679321289,0.927225470542908,0.616837859153748,-0.329888224601746,	
-75.7591857910156,-269.3857421875,28.8549880981445,0.926854193210602,0.601272106170654,-0.302333414554596,	
-75.8297729492188,-269.604187011719,27.6098709106445,0.920217633247375,0.596247673034668,-0.307883739471436,	
-75.3673248291016,-269.679321289063,27.5178909301758,0.919922471046448,0.587951838970184,-0.321972966194153,	
-75.8169708251953,-269.425079345703,28.3542861938477,0.948350369930267,0.605012774467468,-0.32168984413147,	
-75.6891479492188,-269.342834472656,27.8087921142578,0.898576557636261,0.625271379947662,-0.327144503593445,	
-76.1184844970703,-269.600769042969,27.7234878540039,0.905479729175568,0.587987720966339,-0.313415288925171,	
-75.970100402832,-269.853271484375,27.8591156005859,0.941357374191284,0.616820454597473,-0.329983592033386,	
-75.6647567749023,-269.510192871094,27.5340347290039,0.912785351276398,0.58372175693512,-0.302347242832184,	
-75.8995742797852,-269.557373046875,28.3386306762695,0.948741972446442,0.597126245498657,-0.293928146362305,	
-76.0555877685547,-269.911743164063,27.4493103027344,0.948672354221344,0.588161468505859,-0.319225013256073,	
-75.6712646484375,-269.510040283203,27.4235153198242,0.92042738199234,0.629809260368347,-0.307570159435272,	
-76.1301040649414,-269.603057861328,27.2265396118164,0.920439720153809,0.604185700416565,-0.313318014144897,	
-75.896110534668,-269.469451904297,28.423713684082,0.9198357462883,0.588676154613495,-0.310768246650696,	
-75.7411270141602,-269.463653564453,27.4215927124023,0.912784218788147,0.616961419582367,-0.316103339195251,	
-75.6633911132813,-269.853759765625,27.7367172241211,0.920150637626648,0.629794538021088,-0.301889836788177,	
-75.6080551147461,-269.298492431641,27.0340576171875,0.934960961341858,0.629429459571838,-0.304858565330505,	
-75.7419738769531,-269.293640136719,26.8787002563477,0.93474555015564,0.604286789894104,-0.310523986816406,	
-75.67041015625,-269.33203125,27.7077865600586,0.934344470500946,0.604692816734314,-0.310717225074768,	
-75.8150177001953,-269.509429931641,27.4188995361328,0.948794066905975,0.596391320228577,-0.304964423179626,	
-75.7328186035156,-269.727447509766,27.9244995117188,0.919744968414307,0.596440076828003,-0.319088935852051,	
-75.8154525756836,-269.509765625,27.5393676757813,0.920033633708954,0.57972240447998,-0.307944178581238,	
-75.5092239379883,-269.411834716797,28.8228378295898,0.934109687805176,0.613447725772858,-0.324498116970062,	
-75.6081161499023,-269.381561279297,27.4183959960938,0.927402377128601,0.617188394069672,-0.313260138034821,	
-75.9046478271484,-269.468017578125,26.632926940918,0.89903050661087,0.633104681968689,-0.310410857200623,	
-75.7685089111328,-269.480926513672,28.0504837036133,0.905575037002563,0.571713387966156,-0.305193662643433,	
-75.7461624145508,-269.992706298828,27.6541442871094,0.926769495010376,0.591783046722412,-0.324590921401978,	
-76.0623474121094,-269.555541992188,28.1126480102539,0.927003026008606,0.608851850032806,-0.327291250228882,	
-75.8155212402344,-269.592834472656,27.923713684082,0.919994950294495,0.62159788608551,-0.313368380069733,	
-76.0400390625,-269.555114746094,26.5420150756836,0.913327693939209,0.608003973960876,-0.321686446666718,	
-75.5096206665039,-269.599914550781,27.007942199707,0.913454830646515,0.600395202636719,-0.305022656917572,	
-75.8971786499023,-269.557067871094,27.5128402709961,0.898865878582001,0.608597338199615,-0.313386082649231,	
-75.9054718017578,-269.386322021484,28.2147903442383,0.905551791191101,0.621585667133331,-0.307647883892059,	
-75.5794448852539,-269.897125244141,27.6404724121094,0.91988879442215,0.588033199310303,-0.316353738307953,	
-75.9679565429688,-269.334716796875,27.5023498535156,0.941143214702606,0.591769754886627,-0.330198109149933,	
-75.9071044921875,-269.551361083984,26.8430480957031,0.927394986152649,0.599498689174652,-0.318930327892303,	
-75.7413482666016,-269.643402099609,27.518684387207,0.948464453220367,0.588128447532654,-0.316271603107452,	
-75.9677886962891,-269.596496582031,27.6380386352539,0.919757604598999,0.604200601577759,-0.330081284046173,	
-75.8289031982422,-269.514495849609,28.0188980102539,0.926786065101624,0.592451691627502,-0.319118738174438,	
-75.6692886352539,-269.682708740234,27.6128768920898,0.941318869590759,0.592028260231018,-0.319020807743073,	
-75.6687698364258,-269.770263671875,27.3478393554688,0.920186817646027,0.587678551673889,-0.310651540756226,	
-75.6801223754883,-269.696228027344,28.0485000610352,0.93351674079895,0.57964301109314,-0.330198466777802,	
-75.9686965942383,-269.420501708984,27.6294784545898,0.934522867202759,0.629636764526367,-0.316008627414703,	
-75.8198394775391,-269.776123046875,27.439338684082,0.927079498767853,0.600607573986053,-0.313317596912384,	
-75.9702377319336,-269.331817626953,27.5895538330078,0.90555465221405,0.612935066223145,-0.316034913063049,	
-75.8912811279297,-269.728118896484,27.6366806030273,0.926986813545227,0.617118179798126,-0.307576954364777,	
-75.5200042724609,-269.506225585938,27.8338623046875,0.912147283554077,0.600114703178406,-0.324497997760773,	
-76.0337677001953,-269.371856689453,27.3210754394531,0.949016749858856,0.604372918605804,-0.307785093784332,	
-75.5994415283203,-269.556457519531,27.7201232910156,0.941389322280884,0.592149972915649,-0.313459694385529,	
-75.7421951293945,-269.55126953125,27.5107192993164,0.920053482055664,0.645876288414001,-0.321460127830505,	
-75.8979568481445,-269.381896972656,27.6205291748047,0.919791042804718,0.613006174564362,-0.313351154327393,	
-75.6579284667969,-269.677124023438,27.7223968505859,0.913203477859497,0.617364108562469,-0.302149891853333,	
-75.7476654052734,-269.643615722656,28.2551116943359,0.933869957923889,0.571413397789001,-0.321905136108398,	
-76.1887664794922,-269.809997558594,28.8517379760742,0.926465630531311,0.609443187713623,-0.313295543193817,	
-75.7471923828125,-269.904235839844,27.6540679931641,0.912844181060791,0.600628316402435,-0.310550510883331,	
-75.7361907958984,-269.552215576172,27.5110321044922,0.956088125705719,0.608905553817749,-0.307884275913239,	
-75.8080825805664,-269.941589355469,27.4374771118164,0.919929444789886,0.579681992530823,-0.307886064052582,	
-75.8259887695313,-269.601745605469,26.9280776977539,0.93442165851593,0.587609648704529,-0.316255807876587,	
-75.8822021484375,-269.637023925781,27.218391418457,0.941476106643677,0.591425657272339,-0.324664413928986,	
-75.5289077758789,-269.781188964844,26.8529281616211,0.920483946800232,0.587227642536163,-0.310623705387115,	
-76.197380065918,-269.636352539063,26.4355850219727,0.927643477916718,0.624516308307648,-0.321497797966003,	
-76.120979309082,-269.41845703125,27.8340759277344,0.934459984302521,0.621288776397705,-0.304869174957275,	
-75.6661987304688,-269.599395751953,26.6292190551758,0.913293540477753,0.608037173748016,-0.318904399871826,	
-75.8203201293945,-269.947845458984,28.5689086914063,0.92667680978775,0.600873529911041,-0.321798801422119,	
-75.9649810791016,-269.855560302734,27.8256454467773,0.912719249725342,0.608425319194794,-0.31608909368515,	
-75.7541198730469,-269.556396484375,27.4054107666016,0.905589938163757,0.612993657588959,-0.313366115093231,	
-75.8185272216797,-269.686096191406,27.2278900146484,0.93432629108429,0.603884100914001,-0.32447737455368,	
-75.902587890625,-269.812866210938,26.9476470947266,0.927165687084198,0.599835097789764,-0.327359437942505,	
-75.9629745483398,-269.682525634766,26.4563217163086,0.927575588226318,0.624630808830261,-0.313096523284912,	
-75.6716384887695,-269.678558349609,27.3144989013672,0.934749960899353,0.629112243652344,-0.318704724311829,	
-76.0485076904297,-269.554931640625,26.6368026733398,0.941946625709534,0.591045200824738,-0.324584424495697,	
-75.6603851318359,-269.760498046875,26.9325332641602,0.934247434139252,0.587495505809784,-0.318921625614166,	
-75.901725769043,-269.47265625,26.9270858764648,0.920089662075043,0.612699747085571,-0.304811894893646,	
-76.0507736206055,-269.724670410156,27.6186981201172,0.934204936027527,0.604593515396118,-0.31332790851593,	
-75.827995300293,-269.690490722656,27.027473449707,0.948669016361237,0.604188323020935,-0.31050306558609,	
-75.8190307617188,-269.769500732422,27.7327117919922,0.941280245780945,0.600571990013123,-0.316139757633209,	
-75.7359085083008,-269.726470947266,27.6382369995117,0.956052601337433,0.642182767391205,-0.318634867668152,	
-75.8340454101563,-269.776641845703,27.7663421630859,0.891364097595215,0.596045732498169,-0.307736456394196,	
-75.6739196777344,-269.508697509766,26.5167770385742,0.927356839179993,0.608090579509735,-0.313212096691132,	
-75.7484436035156,-269.552734375,27.6327209472656,0.94160258769989,0.617104649543762,-0.318919539451599,	
-75.8896789550781,-269.900695800781,27.6771850585938,0.941360533237457,0.617104887962341,-0.313184082508087,	
-76.126579284668,-269.514709472656,27.5423049926758,0.934096276760101,0.613063454627991,-0.313170909881592,	
-75.8151092529297,-269.769592285156,27.3220825195313,0.934176445007324,0.587325572967529,-0.327319860458374,	
-75.8933334350586,-269.903930664063,27.4752502441406,0.926656484603882,0.575427651405334,-0.316253066062927,	
-76.0485382080078,-269.898956298828,28.0405883789063,0.926826000213623,0.617388367652893,-0.321570038795471,	
-76.1273651123047,-269.856170654297,27.4484481811523,0.934279322624207,0.596161007881165,-0.310479581356049,	
-75.9640045166016,-269.678375244141,27.7261734008789,0.927159309387207,0.617092490196228,-0.313199043273926,	
-75.8832931518555,-269.631622314453,28.102653503418,0.919321715831757,0.604595959186554,-0.330106198787689,	
-75.8276672363281,-269.775970458984,27.7605972290039,0.912471294403076,0.583455801010132,-0.310684442520142,	
-75.807014465332,-269.853973388672,27.8483581542969,0.919298529624939,0.587800681591034,-0.316173434257507,	
-75.6702728271484,-269.858215332031,28.0574417114258,0.912272274494171,0.592317640781403,-0.318959414958954,	
-75.9726867675781,-269.773620605469,27.6481399536133,0.919798314571381,0.629181146621704,-0.329918920993805,	
-75.7533645629883,-269.636840820313,26.9379501342773,0.90546578168869,0.611952066421509,-0.338416934013367,	
-75.9000549316406,-269.813385009766,27.7381210327148,0.912564754486084,0.600377202033997,-0.318832695484161,	
-76.2050247192383,-269.99267578125,26.752311706543,0.963295638561249,0.620681881904602,-0.318776786327362,	
-75.9710540771484,-269.770782470703,27.3247222900391,0.934319615364075,0.587757349014282,-0.305072486400604,	
-76.1992797851563,-270.074615478516,26.635124206543,0.927532196044922,0.599414110183716,-0.32722133398056,	
-75.8859252929688,-269.639007568359,26.6308670043945,0.920133471488953,0.58680671453476,-0.327304005622864,	
-76.05712890625,-269.734039306641,28.5593795776367,0.926921844482422,0.601161956787109,-0.310511291027069,	
-75.7385025024414,-269.809020996094,28.2321014404297,0.905259370803833,0.604638874530792,-0.330124139785767,	
-75.6653900146484,-269.508453369141,27.6526641845703,0.898479044437408,0.616908431053162,-0.316060185432434,	
-75.974723815918,-269.683990478516,28.3431167602539,0.912312507629395,0.617250084877014,-0.321634113788605,	
-75.6715316772461,-269.776824951172,28.7597961425781,0.919282376766205,0.58864688873291,-0.299407601356506,	
-75.9687652587891,-269.856292724609,28.8525314331055,0.933691501617432,0.613141357898712,-0.332777202129364,	
-75.8918762207031,-269.909454345703,27.7398300170898,0.912579238414764,0.608277916908264,-0.32153707742691,	
-75.8969955444336,-269.907165527344,26.7733001708984,0.91312438249588,0.599460661411285,-0.318832039833069,	
-75.7454071044922,-269.990539550781,27.5716781616211,0.9196857213974,0.57954204082489,-0.310438632965088,	
-75.8200531005859,-269.763671875,28.3476486206055,0.905585527420044,0.621504366397858,-0.313267111778259,	
-75.8177642822266,-269.766571044922,28.7604370117188,0.933902084827423,0.622349679470062,-0.296358108520508,	
-76.1120681762695,-269.861083984375,27.2371826171875,0.919940590858459,0.587298035621643,-0.327390015125275,	
-76.1228790283203,-269.772399902344,27.7636871337891,0.941469550132751,0.608687222003937,-0.310280501842499,	
-75.7466888427734,-269.983062744141,26.4540939331055,0.934465050697327,0.570607900619507,-0.316175282001495,	
-75.9701156616211,-269.682342529297,26.6193389892578,0.905908584594727,0.603286683559418,-0.324305355548859,	
-75.9705352783203,-269.775695800781,26.9446716308594,0.948414981365204,0.587589263916016,-0.313287436962128,	
-75.8167266845703,-269.860748291016,28.2702484130859,0.898053348064423,0.600431501865387,-0.307547926902771,	
-75.9696426391602,-269.945983886719,27.9435043334961,0.948317229747772,0.605142176151276,-0.313233554363251,	
-75.9699478149414,-270.031433105469,26.9501571655273,0.926959455013275,0.599942266941071,-0.316117942333221,	
-76.0507202148438,-269.994323730469,27.5730819702148,0.926883101463318,0.617125809192657,-0.304681479930878,	
-75.5122375488281,-269.942169189453,27.7356643676758,0.912571489810944,0.592055022716522,-0.307806372642517,	
-76.0359115600586,-269.8125,27.6429290771484,0.934065639972687,0.604489862918854,-0.316162109375,	
-75.8153686523438,-269.766265869141,26.9346542358398,0.920197606086731,0.637521862983704,-0.315664231777191,	
-75.8216171264648,-269.767730712891,28.5566482543945,0.94091409444809,0.601045310497284,-0.313217163085938,	
-75.8884353637695,-269.811126708984,27.2350692749023,0.934386730194092,0.587599039077759,-0.316087543964386,	
-75.8948364257813,-269.723449707031,28.6160507202148,0.912233650684357,0.600861251354218,-0.31607848405838,	
-75.8965148925781,-269.897674560547,26.4485626220703,0.912984192371368,0.608200013637543,-0.301930487155914,	
-75.8991317749023,-270.077697753906,26.8714447021484,0.91247296333313,0.574713110923767,-0.324522435665131,	
-75.6649169921875,-269.769073486328,27.551628112793,0.92695426940918,0.608408808708191,-0.318632662296295,	
-76.0413360595703,-269.97998046875,26.9529724121094,0.934322774410248,0.612490832805634,-0.318704128265381,	
-76.1127014160156,-269.859344482422,27.3558197021484,0.919802725315094,0.587338984012604,-0.321712613105774,	
-76.0335464477539,-270.071929931641,27.9509963989258,0.933766901493073,0.604800760746002,-0.324477851390839,	
-76.0580444335938,-269.995086669922,28.1594467163086,0.948141992092133,0.604931712150574,-0.321573674678802,	
-76.1971282958984,-269.992401123047,27.661735534668,0.91951322555542,0.612899541854858,-0.313121676445007,	
-75.9702072143555,-269.945495605469,27.4477157592773,0.920077621936798,0.596100389957428,-0.313331604003906,	
-75.8865051269531,-270.070861816406,28.6636123657227,0.919179856777191,0.613195598125458,-0.321492671966553,	
-75.8902435302734,-269.900207519531,27.681396484375,0.912325263023376,0.591674566268921,-0.324544847011566,	
-76.1193161010742,-270.029327392578,26.8688125610352,0.927208483219147,0.625008046627045,-0.315848350524902,	
-75.9663543701172,-269.9443359375,27.151496887207,0.934186816215515,0.603784799575806,-0.327088236808777,	
-75.8929290771484,-270.163299560547,27.9886245727539,0.92669266462326,0.60891854763031,-0.315991759300232,	
-76.0434875488281,-269.899963378906,27.1215286254883,0.955922663211823,0.625110566616058,-0.318606436252594,	
-76.2042846679688,-269.822601318359,27.8552551269531,0.912614345550537,0.608340919017792,-0.318644642829895,	
-76.2055511474609,-270.173583984375,27.5861434936523,0.905569612979889,0.620883703231812,-0.315902173519135,	
-75.9657363891602,-270.294097900391,27.7914886474609,0.91920268535614,0.570695281028748,-0.318926990032196,	
-75.8848266601563,-269.896667480469,26.8310928344727,0.919782996177673,0.595272839069366,-0.321635007858276,	
-75.8230133056641,-270.038299560547,27.9814605712891,0.919294953346252,0.596407294273376,-0.310400068759918,	
-75.8967742919922,-269.811737060547,27.4461212158203,0.955556333065033,0.625531673431396,-0.318744361400604,	
-75.9633941650391,-269.855499267578,26.9714813232422,0.934256255626678,0.603810369968414,-0.327201366424561,	
-75.7491455078125,-269.904205322266,27.3593902587891,0.934324443340302,0.612630903720856,-0.310416042804718,	
-75.817985534668,-269.9462890625,28.8575439453125,0.933451056480408,0.613281726837158,-0.318753838539124,	
-75.9777908325195,-270.381011962891,28.1849365234375,0.919928550720215,0.612973928451538,-0.318581342697144,	
-76.3559799194336,-269.988952636719,27.8702239990234,0.926372647285461,0.58368718624115,-0.324436128139496,	
-76.0536575317383,-270.171478271484,26.8778610229492,0.948691070079803,0.58756011724472,-0.321581363677979,	
-75.7481079101563,-270.165313720703,28.7541351318359,0.948135316371918,0.588804960250854,-0.302168667316437,	
-75.8842620849609,-269.897125244141,27.8268890380859,0.934165120124817,0.613045215606689,-0.315897703170776,	
-76.1214294433594,-269.777923583984,27.5282745361328,0.927121639251709,0.625732421875,-0.304643630981445,	
-76.1115341186523,-270.200866699219,28.0566482543945,0.933912754058838,0.629917979240417,-0.318699240684509,	
-76.1122436523438,-270.031646728516,27.1300277709961,0.912937343120575,0.624921798706055,-0.318587124347687,	
-75.9646530151367,-269.941070556641,26.5587615966797,0.919747173786163,0.595165967941284,-0.327141106128693,	
-75.9632949829102,-270.122406005859,27.4565963745117,0.926422119140625,0.5916508436203,-0.324248254299164,	
-76.1180725097656,-269.860137939453,27.7368621826172,0.92701929807663,0.616945028305054,-0.318646848201752,	
-75.9688949584961,-270.376159667969,27.3895645141602,0.926485657691956,0.566710770130157,-0.324468731880188,	
-76.0475769042969,-269.903533935547,27.5400619506836,0.919551193714142,0.604312062263489,-0.318616390228271,	
-76.1244354248047,-269.949127197266,28.3673706054688,0.904887974262238,0.620947003364563,-0.329828381538391,	
-76.0420989990234,-270.252258300781,27.259147644043,0.891098082065582,0.603599369525909,-0.324397206306458,	
-75.8902359008789,-270.425598144531,26.9148025512695,0.941622197628021,0.616595208644867,-0.31582498550415,	
-76.1154479980469,-270.200775146484,27.4672775268555,0.926732778549194,0.600519180297852,-0.31036114692688,	
-76.0556869506836,-270.249816894531,27.3874130249023,0.947916805744171,0.57079803943634,-0.321685016155243,	
-76.2724227905273,-270.466247558594,27.8085708618164,0.919305741786957,0.603975594043732,-0.33274120092392,	
-75.9789886474609,-270.300903320313,29.2728652954102,0.932832896709442,0.555073201656342,-0.324595153331757,	
-76.1184997558594,-270.385864257813,28.0907363891602,0.926548779010773,0.583993852138519,-0.310421526432037,	
-76.4216995239258,-270.126068115234,27.7891235351563,0.941145658493042,0.592010319232941,-0.31601220369339,	
-76.2671432495117,-270.209625244141,28.2575073242188,0.933948636054993,0.621142327785492,-0.335319101810455,	
-76.1975250244141,-270.420623779297,27.6865844726563,0.912505269050598,0.583426892757416,-0.31324291229248,	
-76.258544921875,-269.85791015625,26.9402618408203,0.92661726474762,0.624679446220398,-0.321342349052429,	
-75.8942565917969,-270.165008544922,27.5753173828125,0.919670104980469,0.621188282966614,-0.296192288398743,	
-75.9692535400391,-270.028015136719,27.4821014404297,0.948232233524323,0.571208238601685,-0.304836213588715,	
-76.3320465087891,-270.070007324219,28.2460784912109,0.926557600498199,0.60030871629715,-0.318701386451721,	
-75.8928909301758,-270.424255371094,28.0080642700195,0.969603002071381,0.584164440631866,-0.313167631626129,	
-76.1068878173828,-269.858215332031,26.8542861938477,0.93444836139679,0.612162053585052,-0.30737966299057,	
-75.9642791748047,-270.377532958984,27.5909881591797,0.905030131340027,0.579063892364502,-0.327299475669861,	
-75.5277404785156,-270.205322265625,27.6687774658203,0.926923215389252,0.608726561069489,-0.299050986766815,	
-76.197395324707,-270.259216308594,26.9980087280273,0.926465809345245,0.57464462518692,-0.32439112663269,	
-75.9724349975586,-270.291870117188,26.6791229248047,0.926941454410553,0.599133610725403,-0.329878330230713,	
-76.0480651855469,-270.075256347656,28.6696319580078,0.933305621147156,0.588212609291077,-0.321695327758789,	
-75.9708023071289,-270.289031982422,28.3557052612305,0.919430732727051,0.596178352832794,-0.32720273733139,	
-76.2542419433594,-270.024322509766,28.3381423950195,0.904918611049652,0.596184432506561,-0.318755209445953,	
-76.2705841064453,-270.033142089844,27.4584579467773,0.905210256576538,0.604147970676422,-0.324302732944489,	
-76.2122116088867,-270.162200927734,28.2695159912109,0.941277384757996,0.600339949131012,-0.329878449440002,	
-76.6511154174805,-270.079681396484,26.463752746582,0.941174864768982,0.60785961151123,-0.318583905696869,	
-76.1915588378906,-270.160583496094,27.6674575805664,0.926572442054749,0.608257532119751,-0.318568587303162,	
-76.0355987548828,-270.247711181641,27.2895584106445,0.933765232563019,0.578749120235443,-0.32151210308075,	
-76.0453491210938,-270.430572509766,26.800666809082,0.912634313106537,0.607827425003052,-0.315773665904999,	
-76.4957885742188,-270.249389648438,28.4744186401367,0.911748051643372,0.600717544555664,-0.313118994235992,	
-76.1095886230469,-270.028259277344,26.456657409668,0.955683529376984,0.583124160766602,-0.313176155090332,	
-75.7506332397461,-270.164794921875,26.4636611938477,0.920206665992737,0.620500802993774,-0.315862357616425,	
-76.0436248779297,-270.247192382813,27.7638854980469,0.940802931785583,0.58336329460144,-0.315992057323456,	
-76.2043685913086,-270.603393554688,26.411735534668,0.927007973194122,0.607814073562622,-0.321380913257599,	
-76.0366439819336,-270.507965087891,27.7733764648438,0.92638748884201,0.591635882854462,-0.324303388595581,	
-76.2781372070313,-270.208923339844,28.0618209838867,0.933532536029816,0.587692320346832,-0.324167788028717,	
-76.0542297363281,-270.170989990234,27.3820724487305,0.91276079416275,0.63350635766983,-0.310028791427612,	
-76.5700225830078,-270.037048339844,27.3439178466797,0.926777184009552,0.574674308300018,-0.330016314983368,	
-75.8987503051758,-270.51416015625,28.4036712646484,0.940850496292114,0.625989496707916,-0.312773108482361,	
-76.4284439086914,-269.942504882813,26.8471450805664,0.905473589897156,0.570446670055389,-0.31035041809082,	
-76.4253997802734,-270.300689697266,28.0962905883789,0.919552803039551,0.63778817653656,-0.318410098552704,	
-76.18310546875,-270.593139648438,28.1011962890625,0.92650693655014,0.592253029346466,-0.324340105056763,	
-76.2609710693359,-270.202209472656,27.1698226928711,0.905339241027832,0.595216631889343,-0.318528175354004,	
-75.8804931640625,-270.679779052734,27.012336730957,0.962486565113068,0.603909254074097,-0.318712115287781,	
-76.2593154907227,-270.287689208984,27.4711608886719,0.933897912502289,0.596057593822479,-0.307578206062317,	
-75.9690856933594,-270.374084472656,26.3877182006836,0.927301287651062,0.615917325019836,-0.318640530109406,	
-76.1070556640625,-270.632080078125,27.5154342651367,0.926961421966553,0.633470833301544,-0.312851011753082,	
-76.3478393554688,-270.699157714844,27.4994049072266,0.926782786846161,0.60853099822998,-0.307336091995239,	
-76.4952011108398,-270.422515869141,27.3648834228516,0.933997750282288,0.562390208244324,-0.321581304073334,	
-76.1221771240234,-270.378662109375,28.2989501953125,0.954983532428741,0.583845674991608,-0.321461737155914,	
-76.5695266723633,-270.468627929688,26.9826583862305,0.955502212047577,0.591284513473511,-0.329705238342285,	
-76.4183959960938,-270.463989257813,28.7767486572266,0.933095097541809,0.587943375110626,-0.332704186439514,	
-76.027214050293,-270.160034179688,27.8393325805664,0.940973818302155,0.583197414875031,-0.329902291297913,	
-75.8205718994141,-270.549499511719,28.1046981811523,0.9408820271492,0.592384099960327,-0.321435689926147,	
-76.3285217285156,-270.251770019531,27.2855377197266,0.919601261615753,0.612323939800262,-0.315591275691986,	
-76.2714767456055,-270.02978515625,27.3445663452148,0.926793932914734,0.58281546831131,-0.318534791469574,	
-75.890998840332,-270.507354736328,26.6870880126953,0.905522227287292,0.611645817756653,-0.324142158031464,	
-76.355598449707,-270.430145263672,26.982551574707,0.926999449729919,0.62488317489624,-0.318345725536346,	
-76.1760635375977,-270.329772949219,27.2628784179688,0.898177444934845,0.59995824098587,-0.304735124111176,	
-76.2559967041016,-270.551727294922,27.7787017822266,0.948450982570648,0.621084332466125,-0.312802493572235,	
-75.950813293457,-270.625,27.1959533691406,0.905166685581207,0.628574192523956,-0.321211278438568,	
-76.0347747802734,-270.329406738281,26.7076950073242,0.920208632946014,0.620693325996399,-0.304513514041901,	
-76.3385467529297,-270.595245361328,27.8689575195313,0.918663144111633,0.571098387241364,-0.316056489944458,	
-76.2048797607422,-270.166137695313,28.2632446289063,0.93327409029007,0.579599559307098,-0.32707667350769,	
-76.0543365478516,-270.341125488281,27.5055847167969,0.940547406673431,0.56661981344223,-0.327287971973419,	
-76.6546478271484,-270.516052246094,27.906608581543,0.962628543376923,0.58794641494751,-0.326989829540253,	
-76.3429641723633,-270.595947265625,27.1693878173828,0.919602394104004,0.612415969371796,-0.310140430927277,	
-76.2695236206055,-270.382568359375,27.4779739379883,0.919376015663147,0.604101598262787,-0.326956570148468,	
-76.1814727783203,-270.505981445313,26.5078582763672,0.93405818939209,0.586856842041016,-0.318548083305359,	
-76.0431900024414,-270.162536621094,27.3734893798828,0.912511229515076,0.608396708965302,-0.312912166118622,	
-76.1133499145508,-270.727020263672,28.1116256713867,0.883190512657166,0.599968552589417,-0.31861811876297,	
-76.1869049072266,-270.422912597656,27.3883209228516,0.940451264381409,0.591737270355225,-0.315773844718933,	
-76.1834106445313,-270.678588867188,27.1078567504883,0.919430732727051,0.603598773479462,-0.324253976345062,	
-76.1972961425781,-270.766265869141,28.3228759765625,0.904531836509705,0.604495525360107,-0.321429312229156,	
-76.7304534912109,-270.390411376953,28.1001281738281,0.94778710603714,0.579689800739288,-0.329849600791931,	
-76.1979293823242,-270.766204833984,28.5964202880859,0.933339595794678,0.58818382024765,-0.324253737926483,	
-76.1292419433594,-270.7412109375,28.1212005615234,0.96891051530838,0.575144708156586,-0.326990604400635,	
-76.2686767578125,-270.474670410156,27.4859390258789,0.947738587856293,0.579242467880249,-0.321414649486542,	
-76.4908447265625,-270.253631591797,27.7939453125,0.9049271941185,0.570232629776001,-0.343916177749634,	
-76.3498840332031,-270.689147949219,28.3842010498047,0.919104218482971,0.621540248394012,-0.329568326473236,	
-76.2837371826172,-270.384765625,27.4598770141602,0.941083788871765,0.608207702636719,-0.32962954044342,	
-76.4863815307617,-270.161163330078,26.6742324829102,0.948795855045319,0.637339770793915,-0.298748850822449,	
-76.1752624511719,-270.238861083984,27.7863159179688,0.948068559169769,0.620884895324707,-0.31557559967041,	
-75.9658508300781,-270.818664550781,27.9086227416992,0.976268112659454,0.596107482910156,-0.33515191078186,	
-76.5158462524414,-270.865173339844,26.430419921875,0.91982626914978,0.620493829250336,-0.30728667974472,	
-76.2032318115234,-270.604370117188,27.9033050537109,0.933667063713074,0.596253931522369,-0.324295282363892,	
-76.6357116699219,-270.50732421875,28.3074417114258,0.918863654136658,0.579409837722778,-0.332649648189545,	
-76.2650604248047,-270.372711181641,26.4732894897461,0.898192942142487,0.599068462848663,-0.324114620685577,	
-76.6317291259766,-270.591278076172,27.8974227905273,0.926590979099274,0.633567690849304,-0.332178711891174,	
-76.2621765136719,-270.637054443359,26.9012985229492,0.912425518035889,0.607698321342468,-0.318494617938995,	
-75.9618225097656,-270.456390380859,26.6856994628906,0.919938266277313,0.603421330451965,-0.31299364566803,	
-76.3454360961914,-271.027313232422,27.6381301879883,0.940554261207581,0.591685891151428,-0.321282804012299,	
-76.1147308349609,-270.374694824219,27.974006652832,0.940440773963928,0.608614027500153,-0.324087381362915,	
-76.5068130493164,-270.783203125,27.7163925170898,0.940947651863098,0.608388483524323,-0.315664291381836,	
-75.9657287597656,-270.899047851563,28.7147064208984,0.954756557941437,0.584370076656342,-0.318765640258789,	
-76.4288177490234,-270.301544189453,27.2720184326172,0.905408084392548,0.595198452472687,-0.321255087852478,	
-76.3351745605469,-270.765777587891,28.2023162841797,0.940725564956665,0.600450754165649,-0.310229957103729,	
-76.5658264160156,-270.294006347656,28.1755142211914,0.904603958129883,0.595874726772308,-0.329706072807312,	
-75.9732055664063,-270.64208984375,27.5202102661133,0.92649382352829,0.582982122898102,-0.335362076759338,	
-76.7938766479492,-270.424255371094,28.1678619384766,0.896818399429321,0.591578483581543,-0.332462906837463,	
-76.4234390258789,-270.467681884766,27.7759170532227,0.919493794441223,0.620885908603668,-0.309983313083649,	
-76.6425323486328,-270.514709472656,28.1686630249023,0.940580129623413,0.608717560768127,-0.321253180503845,	
-76.3301620483398,-270.501159667969,27.1837158203125,0.890537440776825,0.578512370586395,-0.318594634532928,	
-75.967643737793,-270.889862060547,27.7157592773438,0.911846041679382,0.583217024803162,-0.310112237930298,	
-76.1786041259766,-270.766326904297,27.0810394287109,0.919365406036377,0.603953778743744,-0.301666796207428,	
-75.8956451416016,-270.850006103516,27.8894500732422,0.94015097618103,0.591903805732727,-0.332601189613342,	
-76.0618743896484,-270.773864746094,28.273551940918,0.947594344615936,0.58760130405426,-0.326987028121948,	
-76.2842178344727,-270.556457519531,28.5894470214844,0.940319836139679,0.609371662139893,-0.310100674629211,	
-76.1972961425781,-270.767944335938,27.977783203125,0.912430703639984,0.625199854373932,-0.32394951581955,	
-76.2639083862305,-270.379364013672,26.9746017456055,0.904801905155182,0.586921095848083,-0.326881885528564,	
-76.4977493286133,-270.686401367188,27.7883682250977,0.897596001625061,0.566402018070221,-0.32982724905014,	
-76.2689971923828,-270.117370605469,26.8742141723633,0.912211120128632,0.615983426570892,-0.326790869235992,	
-76.4121932983398,-270.549591064453,27.893928527832,0.933460712432861,0.596365392208099,-0.312830328941345,	
-76.3291702270508,-270.766693115234,27.20263671875,0.91953980922699,0.628516972064972,-0.32943207025528,	
-76.4248352050781,-270.301177978516,27.0920715332031,0.926729559898376,0.60765928030014,-0.323988616466522,	
-76.0281524658203,-270.931335449219,26.5028533935547,0.912649154663086,0.615776240825653,-0.315640926361084,	
-76.1087799072266,-270.547027587891,25.9834213256836,0.884212255477905,0.606849372386932,-0.338075280189514,	
-76.1910781860352,-270.941864013672,27.7197265625,0.904941916465759,0.620404303073883,-0.329515755176544,	
-76.1947326660156,-271.027740478516,27.1327972412109,0.926550567150116,0.616003274917603,-0.329616069793701,	
-76.4108276367188,-270.808868408203,27.3266830444336,0.940611660480499,0.591419160366058,-0.304617881774902,	
-76.1998901367188,-271.118927001953,28.1404495239258,0.954456627368927,0.592009127140045,-0.329583644866943,	
-76.7875900268555,-270.686767578125,28.4905090332031,0.918581426143646,0.587809383869171,-0.33254474401474,	
-76.4212799072266,-270.995147705078,28.8058242797852,0.954337179660797,0.583971798419952,-0.332495391368866,	
-76.4803161621094,-270.683013916016,28.2837905883789,0.947489440441132,0.587516903877258,-0.329542398452759,	
-76.2554321289063,-270.984527587891,27.8030319213867,0.933263957500458,0.603948831558228,-0.329380810260773,	
-76.5805053710938,-270.993286132813,27.0203857421875,0.926162838935852,0.590938627719879,-0.326598644256592,	
-76.4124145507813,-270.724609375,26.4109268188477,0.926700472831726,0.599230110645294,-0.318468391895294,	
-76.3512268066406,-270.518188476563,27.0762023925781,0.919288992881775,0.569979548454285,-0.329684436321259,	
-76.0239868164063,-270.8447265625,27.6999893188477,0.94778972864151,0.620682060718536,-0.321020424365997,	
-76.5749130249023,-270.734832763672,28.0073165893555,0.911380290985107,0.608471035957336,-0.3155357837677,	
-76.4161224365234,-270.899230957031,26.7180786132813,0.941037476062775,0.607948482036591,-0.310069382190704,	
-76.1220626831055,-270.896148681641,28.2136688232422,0.947664797306061,0.587723195552826,-0.321425914764404,	
-76.0505447387695,-270.945373535156,27.4019165039063,0.911868929862976,0.591077446937561,-0.349231421947479,	
-75.7421798706055,-270.676910400391,27.5872268676758,0.926287651062012,0.583089172840118,-0.324120759963989,	
-76.0544509887695,-270.512969970703,28.2840042114258,0.940335929393768,0.608529627323151,-0.326642870903015,	
-76.118408203125,-270.810272216797,27.3005981445313,0.948412716388702,0.587405443191528,-0.324188947677612,	
-76.4936065673828,-270.949493408203,27.3990249633789,0.94798356294632,0.579530894756317,-0.310127019882202,	
-76.4098739624023,-270.897766113281,28.096076965332,0.919410288333893,0.613007783889771,-0.304328501224518,	
-76.1115264892578,-270.726226806641,28.2900466918945,0.926054954528809,0.592032253742218,-0.326776325702667,	
-76.1036758422852,-270.897338867188,27.7085571289063,0.911845564842224,0.583168864250183,-0.312949419021606,	
-76.2548065185547,-270.901947021484,28.4144744873047,0.925837755203247,0.575632035732269,-0.318603992462158,	
-76.1102600097656,-270.8076171875,27.0876998901367,0.941348433494568,0.616869330406189,-0.293121635913849,	
-75.7429275512695,-271.120147705078,28.1331787109375,0.954603135585785,0.583838522434235,-0.312886118888855,	
-76.1114196777344,-270.986755371094,28.0401611328125,0.918774604797363,0.596252918243408,-0.30727231502533,	
-76.4104537963867,-270.645050048828,27.0157852172852,0.948111116886139,0.603786826133728,-0.321169316768646,	
-76.0293731689453,-271.031341552734,28.5348129272461,0.976300299167633,0.613708078861237,-0.301523327827454,	
-75.9721984863281,-271.080261230469,27.9338073730469,0.94723778963089,0.57110184431076,-0.321425199508667,	
-76.0415802001953,-270.944793701172,27.9173278808594,0.940223038196564,0.592169940471649,-0.318528592586517,	
-76.2638854980469,-271.077392578125,27.1026763916016,0.962098896503448,0.578844666481018,-0.315694451332092,	
-76.2028121948242,-270.953735351563,28.1963577270508,0.955381691455841,0.62542599439621,-0.320963084697723,	
-76.0243682861328,-271.199035644531,29.5447540283203,0.918449521064758,0.605395555496216,-0.329708695411682,	
-76.4935760498047,-270.772430419922,27.3801803588867,0.911670863628387,0.58300656080246,-0.31845235824585,	
-76.2576522827148,-270.898559570313,28.0058975219727,0.911941170692444,0.600278615951538,-0.30997234582901,	
-75.9447326660156,-271.072967529297,27.6254272460938,0.954616010189056,0.591594815254211,-0.324101984500885,	
-76.1009368896484,-271.072540283203,28.3955535888672,0.961221754550934,0.588049948215485,-0.321319580078125,	
-76.1980285644531,-271.299499511719,28.1484909057617,0.933399498462677,0.612606704235077,-0.323834002017975,	
-76.6479339599609,-270.775238037109,27.6835708618164,0.940494775772095,0.608067154884338,-0.32399845123291,	
-76.4786682128906,-270.768493652344,28.0851287841797,0.926204741001129,0.60859078168869,-0.323934018611908,	
-76.2560272216797,-271.164154052734,27.7512741088867,0.92610889673233,0.591485500335693,-0.326687395572662,	
-76.5697937011719,-270.815032958984,28.0087585449219,0.911336064338684,0.583158075809479,-0.335334956645966,	
-76.2628784179688,-270.988494873047,28.1279754638672,0.918318092823029,0.595599114894867,-0.335243284702301,	
-76.4957809448242,-270.854370117188,27.3976364135742,0.911944925785065,0.582784950733185,-0.33809494972229,	
-76.0480041503906,-271.112121582031,28.3520660400391,0.91877281665802,0.587173640727997,-0.340970396995544,	
-76.2609176635742,-270.798034667969,26.8887786865234,0.919360101222992,0.60348117351532,-0.329591512680054,	
-76.4091949462891,-270.806030273438,27.0032730102539,0.933593511581421,0.612207233905792,-0.318297207355499,	
-76.108154296875,-270.896789550781,28.123405456543,0.947674453258514,0.613025307655334,-0.301458358764648,	
-76.1646270751953,-271.455810546875,26.4145889282227,0.962295591831207,0.578685998916626,-0.295971751213074,	
-76.3377990722656,-271.025390625,27.8150329589844,0.954932749271393,0.583214521408081,-0.32392817735672,	
-75.8929290771484,-270.768280029297,27.9118499755859,0.933041512966156,0.595962703227997,-0.326783716678619,	
-76.2651901245117,-271.167388916016,28.3141174316406,0.926103949546814,0.599947869777679,-0.329425573348999,	
-76.5688018798828,-271.163208007813,27.1426849365234,0.933461844921112,0.594994962215424,-0.326556801795959,	
-76.2702560424805,-271.078033447266,27.1084213256836,0.947900354862213,0.612404704093933,-0.309828817844391,	
-76.2597427368164,-270.897705078125,28.0949554443359,0.933078050613403,0.587230980396271,-0.340789914131165,	
-75.8167419433594,-270.455291748047,27.103630065918,0.919290125370026,0.603407502174377,-0.332315444946289,	
-76.2118148803711,-270.853912353516,27.3114318847656,0.904664695262909,0.578122913837433,-0.34071671962738,	
-76.1980133056641,-270.671936035156,27.005973815918,0.940603673458099,0.590710341930389,-0.346505045890808,	
-76.3425903320313,-270.589630126953,27.5832290649414,0.933370053768158,0.595242500305176,-0.343500316143036,	
-75.976692199707,-270.716552734375,26.9200897216797,0.933347821235657,0.611874878406525,-0.332198560237885,	
-76.1233978271484,-271.325439453125,28.2487869262695,0.932869493961334,0.596036851406097,-0.318324387073517,	
-76.2563400268555,-271.329223632813,27.44775390625,0.940531432628632,0.608274519443512,-0.312594592571259,	
-76.199089050293,-271.027984619141,28.6638946533203,0.932917833328247,0.596484065055847,-0.326759278774261,	
-76.4244689941406,-271.3369140625,28.0377655029297,0.947245895862579,0.587372839450836,-0.332318663597107,	
-76.1122207641602,-270.807556152344,27.2930068969727,0.911916971206665,0.59889680147171,-0.357555091381073,	
-76.3323745727539,-271.020141601563,28.309814453125,0.91844367980957,0.570024013519287,-0.374626994132996,	
-76.2016525268555,-270.930419921875,28.313720703125,0.889588832855225,0.569725930690765,-0.380153894424438,	
-76.2787857055664,-270.719146728516,26.398811340332,0.904570877552032,0.585602343082428,-0.365836918354034,	
-76.4189758300781,-270.621032714844,27.5056991577148,0.9187171459198,0.595000684261322,-0.346398770809174,	
-75.9740905761719,-270.968872070313,28.0257339477539,0.932972848415375,0.587094128131866,-0.346406161785126,	
-76.0411911010742,-271.111145019531,28.2258529663086,0.911556243896484,0.599842727184296,-0.32670783996582,	
-76.419792175293,-271.501739501953,26.9296035766602,0.926055788993835,0.599548697471619,-0.318153500556946,	
-76.1202850341797,-271.336853027344,27.6248931884766,0.94014048576355,0.616204798221588,-0.337742686271667,	
-76.1911315917969,-271.113250732422,27.2288131713867,0.897194743156433,0.598629295825958,-0.360340178012848,	
-76.2717208862305,-271.152099609375,28.0336532592773,0.90453314781189,0.586817979812622,-0.3604536652565,	
-76.5712738037109,-271.326141357422,27.0426330566406,0.904913723468781,0.594245195388794,-0.366080760955811,	
-76.2241592407227,-270.761840820313,27.9975814819336,0.911386072635651,0.565923631191254,-0.383017897605896,	
-76.3513793945313,-270.832397460938,27.4094161987305,0.918813943862915,0.603319466114044,-0.360096633434296,	
-76.2718658447266,-270.978668212891,27.0227203369141,0.897537350654602,0.573944568634033,-0.352055132389069,	
-76.1976165771484,-271.201416015625,28.243049621582,0.932861983776093,0.595375895500183,-0.357374250888824,	
-76.3358001708984,-271.016265869141,27.4054489135742,0.947531759738922,0.59481555223465,-0.368628025054932,	
-76.2569198608398,-270.885986328125,27.8335876464844,0.926106154918671,0.58230984210968,-0.366059958934784,	
-76.052864074707,-270.401977539063,26.5857849121094,0.904772460460663,0.585066437721252,-0.402389407157898,	
-76.2154083251953,-270.661468505859,27.726188659668,0.897282719612122,0.581689774990082,-0.391392052173615,	
-76.0473251342773,-270.747253417969,28.1103515625,0.911371529102325,0.598778963088989,-0.385446608066559,	
-75.8153381347656,-271.142456054688,27.9407653808594,0.904321908950806,0.59538745880127,-0.351950407028198,	
-75.9073181152344,-271.018951416016,28.3215026855469,0.940191268920898,0.607953488826752,-0.357401788234711,	
-75.9426345825195,-271.403961181641,27.1557846069336,0.919117271900177,0.594498336315155,-0.351879775524139,	
-76.131103515625,-271.327819824219,27.8412094116211,0.918567955493927,0.569603145122528,-0.368753373622894,	
-76.1961975097656,-270.939575195313,28.2531967163086,0.918406963348389,0.578760147094727,-0.360397100448608,	
-76.2012176513672,-270.925384521484,27.1131439208984,0.897189319133759,0.589217364788055,-0.41367495059967,	
-76.0621032714844,-270.751983642578,28.0216598510742,0.904072999954224,0.585831522941589,-0.408061325550079,	
-76.1284103393555,-270.519775390625,27.5064849853516,0.911485075950623,0.606243312358856,-0.416357278823853,	
-75.8987884521484,-270.825164794922,27.9983062744141,0.875818312168121,0.611063778400421,-0.394024670124054,	
-76.1757049560547,-271.001647949219,27.0547485351563,0.92650830745697,0.615331828594208,-0.368497610092163,	
-75.5927200317383,-271.176635742188,28.333251953125,0.954655110836029,0.591188907623291,-0.382935702800751,	
-75.9752044677734,-271.140533447266,27.928840637207,0.925986886024475,0.598717212677002,-0.399626433849335,	
-75.8263320922852,-270.866912841797,26.9412841796875,0.918950617313385,0.585304081439972,-0.422268509864807,	
-76.1336975097656,-270.968597412109,27.746337890625,0.911826550960541,0.605859160423279,-0.447238385677338,	
-76.1473693847656,-270.435485839844,26.9007873535156,0.882989704608917,0.604854881763458,-0.461243212223053,	
-75.9208297729492,-270.742889404297,27.0315475463867,0.904728651046753,0.593133449554443,-0.427656650543213,	
-76.2757873535156,-270.783355712891,27.3193664550781,0.890216052532196,0.593091368675232,-0.422046422958374,	
-76.2908706665039,-270.790924072266,27.622314453125,0.918666541576385,0.602450489997864,-0.408102214336395,	
-75.975341796875,-270.612670898438,28.4242782592773,0.896554350852966,0.598470270633698,-0.422198295593262,	
-76.0505294799805,-270.916381835938,26.9476089477539,0.905190885066986,0.643149554729462,-0.433070302009583,	
-76.1344223022461,-270.431518554688,27.3110504150391,0.911740481853485,0.580715775489807,-0.422166287899017,	
-75.8966293334961,-270.825561523438,27.1399307250977,0.904339551925659,0.58574640750885,-0.38561487197876,	
-75.751106262207,-270.661926269531,28.1325531005859,0.961509883403778,0.611242890357971,-0.399284183979034,	
-76.2787780761719,-271.322418212891,27.167121887207,0.897411108016968,0.606042146682739,-0.396759986877441,	
-76.2833023071289,-271.062591552734,27.7174224853516,0.90423047542572,0.594168365001678,-0.388294816017151,	
-75.6844635009766,-270.873413085938,27.1168899536133,0.904450058937073,0.601865470409393,-0.407914876937866,	
-75.7605285644531,-270.741455078125,27.9977874755859,0.896525382995605,0.547822833061218,-0.430722296237946,	
-76.132698059082,-270.521270751953,26.9231719970703,0.911554455757141,0.57293713092804,-0.408165335655212,	
-76.4273147583008,-271.053985595703,27.7452926635742,0.882662236690521,0.58127897977829,-0.405136942863464,	
-75.897705078125,-270.825866699219,28.033935546875,0.917979538440704,0.577596247196198,-0.419298350811005,	
-76.1499633789063,-270.788146972656,28.2183456420898,0.897055268287659,0.606615364551544,-0.421964228153229,	
-76.2896270751953,-270.694946289063,27.945182800293,0.92541778087616,0.581756055355072,-0.416422247886658,	
-75.8378219604492,-270.596832275391,26.9116973876953,0.89690101146698,0.572651445865631,-0.413677334785461,	
-75.6991577148438,-270.33544921875,27.3159255981445,0.875437200069427,0.584247767925262,-0.46123218536377,	
-75.6937408447266,-270.600311279297,27.0344161987305,0.91180282831192,0.58901572227478,-0.436142921447754,	
-75.6046600341797,-270.734283447266,28.5294647216797,0.911277115345001,0.598790109157562,-0.416352570056915,	
-75.9737396240234,-270.5947265625,26.4309158325195,0.904738962650299,0.609592735767365,-0.427424907684326,	
-75.9865646362305,-270.949188232422,27.0504302978516,0.911621809005737,0.572774589061737,-0.419403791427612,	
-75.9087905883789,-270.729888916016,27.8181762695313,0.896921753883362,0.589206397533417,-0.441796004772186,	
-75.1710205078125,-270.641052246094,27.3577575683594,0.91130268573761,0.572031855583191,-0.455889225006104,	
-75.8448715209961,-270.414428710938,27.2064514160156,0.883225739002228,0.579888939857483,-0.467085957527161,	
-75.7631378173828,-271.167297363281,27.7701797485352,0.918385446071625,0.593120157718658,-0.450082361698151,	
-75.9275131225586,-270.829010009766,27.0439376831055,0.889992594718933,0.609458267688751,-0.455554842948914,	
-75.9987030029297,-270.784332275391,27.6287078857422,0.903975486755371,0.592978656291962,-0.452818214893341,	
-76.1603851318359,-270.513061523438,28.2146682739258,0.896300137042999,0.588441789150238,-0.506233990192413,	
-76.2281646728516,-270.467559814453,28.1236877441406,0.831659197807312,0.592347085475922,-0.489391505718231,	
-75.7770767211914,-270.548278808594,26.4221801757813,0.882845163345337,0.570942878723145,-0.483920395374298,	
-75.7046813964844,-270.510833740234,27.4446563720703,0.882513642311096,0.580317974090576,-0.458593249320984,	
-75.6837768554688,-270.674774169922,27.0348587036133,0.875367343425751,0.584169685840607,-0.464179664850235,	
-75.8462448120117,-270.778015136719,28.3361053466797,0.911187171936035,0.597711086273193,-0.444408893585205,	
-75.8419647216797,-270.856109619141,27.109245300293,0.882738351821899,0.588492095470428,-0.450065195560455,	
-75.9977645874023,-270.778503417969,27.0383377075195,0.87547641992569,0.609083652496338,-0.469581305980682,	
-75.6943740844727,-270.682891845703,26.9229736328125,0.904514610767365,0.592527508735657,-0.458525836467743,	
-75.4668273925781,-270.906158447266,28.1591186523438,0.88233482837677,0.597601056098938,-0.438810706138611,	
-75.8497467041016,-270.6845703125,27.4214019775391,0.911048293113708,0.564323902130127,-0.436100661754608,	
-75.9925918579102,-270.775634765625,27.1554412841797,0.932761073112488,0.559967756271362,-0.436035513877869,	
-75.8389129638672,-270.777252197266,28.2497482299805,0.896708905696869,0.597635865211487,-0.441580772399902,	
-75.8534698486328,-270.766143798828,26.5236968994141,0.87567001581192,0.599749207496643,-0.489231169223785,	
-75.7752685546875,-270.537078857422,26.0107650756836,0.876101851463318,0.598973155021667,-0.51168018579483,	
-75.7815856933594,-270.532592773438,26.1670761108398,0.861437499523163,0.582180261611938,-0.520261108875275,	
-75.7829284667969,-270.363342285156,27.0139846801758,0.875227749347687,0.575130939483643,-0.492200434207916,	
-75.6448287963867,-270.268371582031,26.807373046875,0.861216902732849,0.574386775493622,-0.506315290927887,	
-75.5601654052734,-270.923706054688,27.2561340332031,0.897417783737183,0.587983310222626,-0.492283046245575,	
-75.7820816040039,-270.538055419922,28.1369781494141,0.86043918132782,0.592147171497345,-0.511676013469696,	
-75.4813003540039,-270.709808349609,26.6396102905273,0.875520646572113,0.57429963350296,-0.514646470546722,	
-75.7184448242188,-270.321472167969,27.0469436645508,0.875190138816833,0.565945029258728,-0.531404554843903,	
-75.4185638427734,-270.401550292969,27.3109283447266,0.861194968223572,0.574712097644806,-0.52031147480011,	
-75.7140808105469,-270.403869628906,26.6308517456055,0.904547274112701,0.607859790325165,-0.525660574436188,	
-75.4892272949219,-270.807586669922,27.559211730957,0.882015824317932,0.587971568107605,-0.497645676136017,	
-75.63232421875,-270.897033691406,26.5607299804688,0.897230267524719,0.587484836578369,-0.483621537685394,	
-76.2078018188477,-270.886260986328,28.2277984619141,0.889727115631104,0.609639704227448,-0.472327023744583,	
-75.8458099365234,-270.850891113281,27.1704559326172,0.860706508159637,0.583218932151794,-0.508965194225311,	
-75.5629959106445,-270.408386230469,26.1292037963867,0.868657052516937,0.569799602031708,-0.517500698566437,	
-75.6292572021484,-270.80029296875,27.0620193481445,0.875091433525085,0.590821743011475,-0.534076333045959,	
-75.6242065429688,-270.801330566406,27.6429672241211,0.861154913902283,0.592050850391388,-0.50053197145462,	
-75.8547134399414,-270.582580566406,26.8169250488281,0.846455812454224,0.582662880420685,-0.506219446659088,	
-75.8567199707031,-270.944458007813,27.0652160644531,0.853743374347687,0.579107284545898,-0.486450016498566,	
-75.8678283691406,-270.235778808594,26.4209365844727,0.84683358669281,0.582433700561523,-0.528757393360138,	
-75.6422500610352,-270.808715820313,26.7759170532227,0.861326217651367,0.599353134632111,-0.508656442165375,	
-75.7720947265625,-270.627655029297,27.3073654174805,0.860953748226166,0.583695650100708,-0.48655241727829,	
-76.1551971435547,-270.682830810547,26.726448059082,0.889723598957062,0.583391308784485,-0.480933487415314,	
-75.8640060424805,-270.57861328125,27.0284957885742,0.874878287315369,0.565867364406586,-0.528616607189178,	
-76.0085678100586,-270.584625244141,26.2305221557617,0.846886157989502,0.581746757030487,-0.536956489086151,	
-75.6174926757813,-270.175964355469,26.6128158569336,0.825103104114532,0.594916462898254,-0.517396152019501,	
-75.8698577880859,-270.666809082031,27.2692031860352,0.867894351482391,0.595504701137543,-0.522952079772949,	
-75.5628433227539,-270.307006835938,27.3363418579102,0.846494972705841,0.58225691318512,-0.565053105354309,	
-75.4882965087891,-269.99853515625,27.5064544677734,0.845961570739746,0.574289560317993,-0.553993701934814,	
-75.6448364257813,-270.263671875,27.2272720336914,0.853663146495819,0.578079700469971,-0.545470595359802,	
-75.7016754150391,-270.222320556641,26.526496887207,0.875277578830719,0.574203610420227,-0.514585494995117,	
-75.7787017822266,-270.355865478516,27.1316146850586,0.867821037769318,0.570701658725739,-0.5118208527565,	
-75.5650634765625,-270.495880126953,26.843017578125,0.839663326740265,0.611668944358826,-0.508757054805756,	
-75.6336059570313,-270.610015869141,27.0592422485352,0.882556736469269,0.578773558139801,-0.517414510250092,	
-75.6304779052734,-270.709747314453,26.0601119995117,0.854138314723969,0.578128099441528,-0.520079433917999,	
-75.5599822998047,-270.835754394531,26.9783172607422,0.853457450866699,0.5782350897789,-0.5313920378685,	
-75.799186706543,-270.353820800781,26.2257843017578,0.83973240852356,0.59382027387619,-0.559467136859894,	
-75.7311782836914,-269.782562255859,26.1110229492188,0.832288086414337,0.564694821834564,-0.562450349330902,	
-75.5027542114258,-270.168365478516,27.3406982421875,0.824942409992218,0.577360033988953,-0.579148948192596,	
-75.7965316772461,-270.350433349609,27.0524063110352,0.8534836769104,0.553043842315674,-0.545630037784576,	
-75.6454010009766,-270.267913818359,27.3115844726563,0.831773698329926,0.582081496715546,-0.562387526035309,	
-75.4848480224609,-270.345977783203,26.5452651977539,0.868292212486267,0.594814121723175,-0.539558410644531,	
-75.3506698608398,-270.443176269531,27.4380645751953,0.81731778383255,0.540976941585541,-0.537369191646576,	
-75.9309997558594,-270.628662109375,27.1400146484375,0.846515297889709,0.566281735897064,-0.503503680229187,	
-75.7812881469727,-270.801574707031,27.1540451049805,0.853734493255615,0.587184846401215,-0.511885643005371,	
-75.5598907470703,-270.577331542969,26.7300415039063,0.846562802791595,0.59844958782196,-0.548156440258026,	
-75.8005294799805,-270.178161621094,26.3376770019531,0.817701935768127,0.564246594905853,-0.579200863838196,	
-75.867790222168,-270.825866699219,26.6301498413086,0.831997871398926,0.556875765323639,-0.548391282558441,	
-75.8784942626953,-270.320526123047,25.958381652832,0.860824644565582,0.539954125881195,-0.554019093513489,	
-75.8750686645508,-270.133880615234,27.328857421875,0.831663548946381,0.557075440883636,-0.562436580657959,	
-75.4944839477539,-270.083892822266,26.1290435791016,0.817982912063599,0.589086711406708,-0.593061864376068,	
-75.569221496582,-270.032836914063,26.0382766723633,0.817870318889618,0.563840091228485,-0.607296824455261,	
-75.6518173217773,-270.165100097656,26.0226287841797,0.818197190761566,0.57186233997345,-0.610175490379333,	
-75.7383499145508,-270.124694824219,26.0229110717773,0.825143873691559,0.584244728088379,-0.612752616405487,	
-75.6545486450195,-269.637145996094,26.9969100952148,0.810204207897186,0.584553480148315,-0.643805921077728,	
-75.6561431884766,-269.71044921875,26.3058853149414,0.82484245300293,0.575379848480225,-0.660441100597382,	
-75.5136566162109,-269.713989257813,27.2827682495117,0.839053988456726,0.584427118301392,-0.663366496562958,	
-75.8114929199219,-269.805145263672,27.0091781616211,0.809945166110992,0.543080866336823,-0.641246616840363,	
-75.5071411132813,-269.634521484375,26.7034759521484,0.831949710845947,0.580019295215607,-0.655034363269806,	
-75.3792495727539,-269.629730224609,26.9235534667969,0.796005010604858,0.600238919258118,-0.688536822795868,	
-75.1382675170898,-269.486785888672,25.9065246582031,0.810601472854614,0.574875593185425,-0.688659310340881,	
-75.5151290893555,-269.894958496094,26.1972274780273,0.824848830699921,0.558122575283051,-0.674601554870605,	
-75.2817687988281,-269.759643554688,27.0130310058594,0.825143218040466,0.601173043251038,-0.652030348777771,	
-75.7298431396484,-270.110992431641,27.1437530517578,0.817177355289459,0.580683827400208,-0.635210812091827,	
-75.5894927978516,-269.675415039063,26.7154693603516,0.803447663784027,0.571443498134613,-0.655105173587799,	
-75.2912139892578,-269.939666748047,26.6324996948242,0.831875681877136,0.555168509483337,-0.64674037694931,	
-75.5203552246094,-269.984893798828,27.3193054199219,0.803115427494049,0.58077484369278,-0.632391571998596,	
-75.3629302978516,-269.805725097656,26.3273849487305,0.839395523071289,0.575957596302032,-0.635234177112579,	
-75.0553588867188,-269.633911132813,26.9989929199219,0.817249238491058,0.58094984292984,-0.621138155460358,	
-75.1942367553711,-269.800201416016,26.8880615234375,0.831593573093414,0.572507262229919,-0.62122517824173,	
-75.4351959228516,-270.114074707031,27.1448745727539,0.810304462909698,0.568760097026825,-0.607212483882904,	
-75.5110168457031,-269.895385742188,26.6335372924805,0.796397387981415,0.568008124828339,-0.62422251701355,	
-75.3704223632813,-269.978057861328,26.2362289428711,0.817372143268585,0.538109540939331,-0.641104519367218,	
-75.2917556762695,-269.399932861328,26.1189422607422,0.781721711158752,0.566528737545013,-0.666192352771759,	
-75.1376037597656,-269.749481201172,26.8073348999023,0.83174467086792,0.571336030960083,-0.66046804189682,	
-75.2280426025391,-269.714691162109,27.2279968261719,0.788843929767609,0.580636262893677,-0.638191282749176,	
-75.1374053955078,-269.751556396484,26.8091735839844,0.81045389175415,0.567444443702698,-0.654966652393341,	
-75.2217636108398,-269.531433105469,26.5070495605469,0.781707406044006,0.591959774494171,-0.671793282032013,	
-74.9235687255859,-269.266052246094,25.8798980712891,0.789107799530029,0.562488675117493,-0.677466571331024,	
-74.9990539550781,-269.655212402344,26.4098892211914,0.825006365776062,0.583483755588531,-0.68843811750412,	
-74.9941558837891,-269.398498535156,27.2099609375,0.831761837005615,0.563161671161652,-0.674731552600861,	
-75.0006561279297,-269.403045654297,26.1795501708984,0.796444058418274,0.566796123981476,-0.663407266139984,	
-74.9970932006836,-269.658264160156,26.1297607421875,0.803029179573059,0.562202095985413,-0.688570737838745,	
-75.0880737304688,-269.800323486328,26.0294189453125,0.789085447788239,0.570186078548431,-0.691351234912872,	
-75.3085784912109,-269.586853027344,26.1038436889648,0.796233236789703,0.566474497318268,-0.677476942539215,	
-75.5879974365234,-269.749664306641,26.3106994628906,0.803603172302246,0.570700883865356,-0.66903680562973,	
-75.2929763793945,-269.666839599609,26.5358505249023,0.802804291248322,0.529583036899567,-0.66644424200058,	
-75.1479187011719,-269.577423095703,27.3290252685547,0.795506298542023,0.558954894542694,-0.669117093086243,	
-75.3041458129883,-269.674499511719,26.4281692504883,0.795938193798065,0.567117989063263,-0.666156053543091,	
-75.3737335205078,-269.886688232422,26.323371887207,0.803175151348114,0.553983449935913,-0.67471045255661,	
-74.9282531738281,-269.616149902344,26.1316223144531,0.795977711677551,0.549731373786926,-0.688772737979889,	
-75.0728149414063,-269.701782226563,26.0234527587891,0.796271860599518,0.557931005954742,-0.680357992649078,	
-75.3135147094727,-269.228210449219,26.7906875610352,0.810066878795624,0.56681615114212,-0.683050930500031,	
-75.2336730957031,-269.707458496094,27.1415176391602,0.781021654605865,0.558310806751251,-0.699887812137604,	
-75.456169128418,-269.837982177734,26.8250274658203,0.810563802719116,0.583515405654907,-0.68010401725769,	
-75.3720474243164,-269.632873535156,26.8010330200195,0.824445724487305,0.567279696464539,-0.660509884357452,	
-75.511344909668,-269.887817382813,26.4353332519531,0.803023874759674,0.570612132549286,-0.694369673728943,	
-75.6735076904297,-269.630767822266,26.4261245727539,0.802808523178101,0.545469403266907,-0.700034916400909,	
-75.2214126586914,-269.627319335938,26.3300094604492,0.796512246131897,0.575616776943207,-0.646621882915497,	
-75.3837051391602,-269.369476318359,25.7045516967773,0.788876116275787,0.536672949790955,-0.688827693462372,	
-75.2997436523438,-269.665069580078,27.1928024291992,0.802557945251465,0.53808981180191,-0.660833418369293,	
-75.3710098266602,-269.967163085938,25.6506042480469,0.781729102134705,0.549367547035217,-0.674678385257721,	
-74.9078369140625,-269.701263427734,25.9217910766602,0.803110420703888,0.55438232421875,-0.64950966835022,	
-75.0858764648438,-269.793273925781,26.6216888427734,0.803131997585297,0.571037590503693,-0.67173045873642,	
-74.7836151123047,-269.179046630859,26.2866516113281,0.803070664405823,0.545007705688477,-0.699838817119598,	
-75.2234802246094,-269.439971923828,26.2400283813477,0.846362113952637,0.562575578689575,-0.68587201833725,	
-75.2223815917969,-269.702331542969,26.0203628540039,0.796256422996521,0.549938440322876,-0.683104336261749,	
-75.1478118896484,-269.485198974609,26.2404251098633,0.796373248100281,0.566621959209442,-0.672028958797455,	
-75.3131942749023,-269.310668945313,26.5986251831055,0.774232506752014,0.578709721565247,-0.708198726177216,	
-75.1567993164063,-269.3974609375,26.1002578735352,0.789215683937073,0.545035541057587,-0.70564728975296,	
-75.1489791870117,-269.3076171875,26.9993362426758,0.802555501461029,0.562298238277435,-0.705450177192688,	
-75.4616470336914,-269.4892578125,26.1059417724609,0.803553342819214,0.553802251815796,-0.694411098957062,	
-75.3701477050781,-269.436431884766,26.5961532592773,0.76722776889801,0.582853198051453,-0.699825763702393,	
-75.0818557739258,-269.258361816406,27.0040740966797,0.795501410961151,0.54959100484848,-0.719614505767822,	
-74.9392547607422,-269.090087890625,26.2025375366211,0.774627327919006,0.586617529392242,-0.719478726387024,	
-75.1570739746094,-269.301116943359,26.0079650878906,0.817371249198914,0.553519010543823,-0.702843606472015,	
-75.143928527832,-269.303924560547,26.5001754760742,0.745661735534668,0.570152342319489,-0.705542623996735,	
-75.0744171142578,-269.332305908203,25.7140502929688,0.760128676891327,0.561096489429474,-0.711104869842529,	
-74.855598449707,-269.469451904297,26.0425415039063,0.774664580821991,0.586868703365326,-0.705461263656616,	
-74.8539962768555,-269.043426513672,26.8948516845703,0.803044676780701,0.562774538993835,-0.688772857189178,	
-75.1690979003906,-269.569396972656,26.2310333251953,0.782104730606079,0.58228200674057,-0.716646671295166,	
-75.0899810791016,-269.433685302734,26.1116561889648,0.803133726119995,0.553351521492004,-0.711201667785645,	
-75.0907974243164,-269.081848144531,25.9698257446289,0.781431078910828,0.53189617395401,-0.728139936923981,	
-75.1594467163086,-269.041687011719,26.6999053955078,0.766973674297333,0.557315051555634,-0.728020250797272,	
-74.9367752075195,-269.341583251953,27.6919326782227,0.773781597614288,0.56221729516983,-0.733766615390778,	
-75.1570892333984,-269.212799072266,25.8832092285156,0.760071396827698,0.56135880947113,-0.727993309497833,	
-75.3054733276367,-269.48095703125,26.9008712768555,0.787996232509613,0.545641839504242,-0.708414912223816,	
-75.075553894043,-269.610900878906,26.1063766479492,0.774244070053101,0.56192946434021,-0.694210946559906,	
-75.1580352783203,-269.571350097656,27.3122940063477,0.766712307929993,0.524541079998016,-0.714236736297607,	
-75.2992706298828,-269.482238769531,26.2481307983398,0.760291457176208,0.586930155754089,-0.697016894817352,	
-75.4048843383789,-269.361419677734,26.1065521240234,0.781500518321991,0.565257549285889,-0.736334979534149,	
-75.0115509033203,-269.029571533203,25.5817260742188,0.753153443336487,0.564777970314026,-0.730825126171112,	
-74.7228927612305,-269.037414550781,26.0922775268555,0.781492233276367,0.548986673355103,-0.725441515445709,	
-74.7818756103516,-269.436737060547,26.7133407592773,0.781381726264954,0.566203653812408,-0.71122282743454,	
-74.8481063842773,-269.294097900391,27.2085113525391,0.766394436359406,0.532829701900482,-0.719861328601837,	
-75.0844345092773,-269.866271972656,26.3313369750977,0.760048806667328,0.577943384647369,-0.719528675079346,	
-74.9436950683594,-269.517425537109,26.5217590332031,0.802981436252594,0.56988400220871,-0.736535370349884,	
-75.1597061157227,-269.397552490234,26.3861923217773,0.774234592914581,0.569958865642548,-0.722483694553375,	
-75.0954132080078,-269.433227539063,25.1071243286133,0.760306537151337,0.543717086315155,-0.736562013626099,	
-75.2414703369141,-269.617218017578,26.2984085083008,0.774173438549042,0.552868545055389,-0.725182116031647,	
-75.4675903320313,-269.214752197266,25.1874008178711,0.739033699035645,0.581394553184509,-0.722209930419922,	
-75.3800811767578,-269.430725097656,25.9263687133789,0.767280340194702,0.582162141799927,-0.708248496055603,	
-75.1652374267578,-269.215484619141,26.0960998535156,0.738630890846252,0.581660628318787,-0.730691254138947,	
-75.2980270385742,-269.554901123047,26.1108474731445,0.774459719657898,0.578181147575378,-0.711118400096893,	
-75.4085998535156,-269.172882080078,25.9851531982422,0.752705931663513,0.548622250556946,-0.736532628536224,	
-74.9303359985352,-269.335784912109,26.8367691040039,0.752633571624756,0.55724710226059,-0.728032290935516,	
-74.7772827148438,-269.070251464844,25.9061050415039,0.767263174057007,0.565085887908936,-0.744916617870331,	
-74.9470062255859,-269.426025390625,25.1088943481445,0.781952381134033,0.539571464061737,-0.722421109676361,	
-75.3279190063477,-268.948791503906,25.386848449707,0.745677053928375,0.55138373374939,-0.775742471218109,	
-74.8670501708984,-269.465057373047,26.1125183105469,0.774278402328491,0.544065833091736,-0.744976103305817,	
-75.1097564697266,-269.075469970703,25.899040222168,0.745481669902802,0.527242004871368,-0.756299018859863,	
-75.4020614624023,-269.434020996094,26.1151123046875,0.788370490074158,0.561439454555511,-0.722230970859528,	
-74.9426422119141,-268.988708496094,25.9691619873047,0.731311678886414,0.526911973953247,-0.775895535945892,	
-75.4590225219727,-269.555053710938,26.5325469970703,0.759602665901184,0.552992463111877,-0.742134869098663,	
-75.0995635986328,-268.812683105469,25.5776519775391,0.746020674705505,0.535677850246429,-0.73965722322464,	
-75.107795715332,-269.080230712891,26.7738265991211,0.759745538234711,0.544489502906799,-0.745073974132538,	
-75.0933074951172,-268.974426269531,26.6901321411133,0.759525656700134,0.552249491214752,-0.784355700016022,	
-75.0236892700195,-269.380645751953,26.2332000732422,0.795874953269958,0.556401312351227,-0.761678040027618,	
-74.8590545654297,-269.284210205078,26.3085708618164,0.745422005653381,0.585846185684204,-0.7447469830513,	
-75.0260543823242,-269.121215820313,26.4251174926758,0.752692937850952,0.531926453113556,-0.750726759433746,	
-74.4894027709961,-269.149444580078,26.5990982055664,0.781300783157349,0.565132200717926,-0.772857248783112,	
-74.9455184936523,-269.165435791016,26.5046234130859,0.781235575675964,0.532151341438293,-0.742188274860382,	
-75.0939254760742,-268.982116699219,25.4689636230469,0.724458694458008,0.54780650138855,-0.753331363201141,	
-74.7352447509766,-268.855346679688,25.9987487792969,0.774475336074829,0.58537632226944,-0.789511322975159,	
-75.165901184082,-268.757568359375,26.5813217163086,0.716372072696686,0.54358047246933,-0.778590023517609,	
-75.0328979492188,-268.950286865234,26.8819122314453,0.723691165447235,0.548637628555298,-0.753439128398895,	
-75.1710815429688,-268.760437011719,25.9642105102539,0.745724856853485,0.560669720172882,-0.764665365219116,	
-75.6868133544922,-268.896148681641,25.8804473876953,0.745620369911194,0.551694273948669,-0.78979367017746,	
-74.9492645263672,-269.15869140625,25.9821548461914,0.745341837406158,0.560426294803619,-0.770052075386047,	
-74.9319610595703,-269.232391357422,26.8962326049805,0.745070219039917,0.544524788856506,-0.764805734157562,	
-74.5681686401367,-269.10791015625,26.8925476074219,0.773570001125336,0.552912771701813,-0.775860071182251,	
-75.1896057128906,-268.866333007813,26.7719192504883,0.745255410671234,0.552259504795074,-0.781420350074768,	
-74.8005752563477,-269.247863769531,26.5762176513672,0.75952810049057,0.519154071807861,-0.762088119983673,	
-75.0993881225586,-268.804321289063,25.9896545410156,0.76705139875412,0.555785655975342,-0.786786556243896,	
-75.0364532470703,-268.861297607422,27.0913696289063,0.745284557342529,0.536239802837372,-0.756509363651276,	
-75.0210037231445,-269.122253417969,27.0060653686523,0.737920939922333,0.523699581623077,-0.753476321697235,	
-74.8668670654297,-269.019653320313,25.4158706665039,0.731645524501801,0.559996068477631,-0.772992670536041,	
-74.7929992675781,-269.23828125,24.6325149536133,0.753408968448639,0.563695073127747,-0.767288863658905,	
-74.7212600708008,-269.112518310547,27.3037796020508,0.752255499362946,0.532177686691284,-0.759263217449188,	
-74.715705871582,-269.030151367188,25.8799057006836,0.759646356105804,0.535986483097076,-0.742277801036835,	
-74.7961730957031,-269.06982421875,27.3010101318359,0.745141863822937,0.535856068134308,-0.775919616222382,	
-75.0248565673828,-269.203033447266,26.4920959472656,0.795288801193237,0.540190160274506,-0.767382442951202,	
-75.4750213623047,-269.028198242188,24.9784774780273,0.731942296028137,0.56843638420105,-0.750391960144043,	
-74.890625,-268.7744140625,25.8821792602539,0.766926467418671,0.522826552391052,-0.787191927433014,	
-74.735237121582,-269.023284912109,27.3133392333984,0.745172739028931,0.544425249099731,-0.773151934146881,	
-75.0245513916016,-269.195495605469,25.5203628540039,0.745311200618744,0.518517017364502,-0.764961540699005,	
-75.097038269043,-268.892822265625,27.0579452514648,0.752023160457611,0.548536598682404,-0.75919383764267,	
-74.648193359375,-269.067657470703,26.0033569335938,0.74537318944931,0.535707771778107,-0.756365418434143,	
-74.7208557128906,-269.371887207031,24.8171615600586,0.746569395065308,0.551642060279846,-0.747746646404266,	
-74.8052444458008,-268.808166503906,25.8805694580078,0.759832203388214,0.577100992202759,-0.764360427856445,	
-74.7880401611328,-269.062408447266,26.0080032348633,0.731109440326691,0.55179226398468,-0.775895535945892,	
-74.3408203125,-269.055999755859,25.9779586791992,0.745872616767883,0.577040195465088,-0.77294796705246,	
-74.8722229003906,-269.193084716797,26.1916122436523,0.767370879650116,0.589855492115021,-0.758829891681671,	
-75.1120910644531,-269.077026367188,26.1104125976563,0.75992476940155,0.560590267181396,-0.770101249217987,	
-74.7118377685547,-269.279510498047,26.0132827758789,0.774205982685089,0.543751657009125,-0.761885941028595,	
-75.2589492797852,-269.069702148438,26.8097991943359,0.752621293067932,0.565044462680817,-0.770044028759003,	
-75.1029281616211,-269.24072265625,25.9325103759766,0.759836733341217,0.568590462207794,-0.764459490776062,	
-74.7966156005859,-269.149749755859,26.6112976074219,0.773761868476868,0.552325069904327,-0.781448423862457,	
-75.0137786865234,-269.101104736328,25.0093383789063,0.724647223949432,0.546882033348083,-0.778779923915863,	
-75.187126159668,-269.116149902344,26.1064071655273,0.745499849319458,0.568806886672974,-0.747671902179718,	
-75.2560729980469,-268.813415527344,26.0845108032227,0.766905725002289,0.530664145946503,-0.792788565158844,	
-75.3243255615234,-268.861694335938,26.5882034301758,0.716685712337494,0.552737236022949,-0.747679889202118,	
-75.1013488769531,-268.7216796875,27.0799560546875,0.751945316791534,0.523357331752777,-0.770313084125519,	
-74.7961044311523,-268.991455078125,25.4967651367188,0.774382770061493,0.535219430923462,-0.767383635044098,	
-75.1753997802734,-269.026336669922,25.5948486328125,0.774526476860046,0.560148477554321,-0.772730231285095,	
-74.8551483154297,-268.841552734375,26.7795639038086,0.759317755699158,0.552216708660126,-0.781402409076691,	
-74.4995269775391,-268.979461669922,26.1226348876953,0.731245458126068,0.560498178005219,-0.767511427402496,	
-75.3238525390625,-268.767883300781,24.993537902832,0.738959431648254,0.572000980377197,-0.772818028926849,	
-74.8759384155273,-269.032836914063,26.2992324829102,0.759930074214935,0.561062872409821,-0.742176473140717,	
-74.9541549682617,-268.898773193359,26.8836135864258,0.773746609687805,0.553267419338226,-0.759008407592773,	
-74.727424621582,-269.286163330078,26.5511322021484,0.766928851604462,0.565285682678223,-0.758961975574493,	
-74.8703002929688,-269.202301025391,26.6905517578125,0.766971170902252,0.55707448720932,-0.742206275463104,	
-74.7169952392578,-269.370727539063,26.0209426879883,0.752774178981781,0.539616405963898,-0.767506837844849,	
-74.5610961914063,-269.103851318359,24.9187469482422,0.745765030384064,0.559690415859222,-0.75608628988266,	
-74.8718109130859,-269.290252685547,25.4001541137695,0.760122776031494,0.551636278629303,-0.76727706193924,	
-75.0996398925781,-269.165863037109,27.1856918334961,0.759651958942413,0.54459673166275,-0.770305693149567,	
-74.9481430053711,-269.425079345703,25.6173248291016,0.767234206199646,0.547769725322723,-0.761745870113373,	
-74.8087768554688,-269.249267578125,26.9035186767578,0.738025307655334,0.548184871673584,-0.784189105033875,	
-75.4102783203125,-268.910064697266,27.2090301513672,0.752018451690674,0.523715496063232,-0.75078958272934,	
-75.2583236694336,-269.346282958984,26.9949722290039,0.767022430896759,0.548871040344238,-0.759028375148773,	
-74.7958908081055,-269.244079589844,26.9282150268555,0.752256214618683,0.523338794708252,-0.77877551317215,	
-74.9453430175781,-269.158782958984,25.5715255737305,0.767094850540161,0.547666311264038,-0.764580011367798,	
-75.1615600585938,-269.025726318359,27.1190032958984,0.752407431602478,0.548928618431091,-0.745071947574615,	
-74.9490661621094,-269.076446533203,25.7140731811523,0.752976715564728,0.564423263072968,-0.747676908969879,	
-74.7951507568359,-269.153564453125,26.2209701538086,0.731210649013519,0.560487627983093,-0.767343103885651,	
-74.8837356567383,-269.377960205078,25.9098587036133,0.738650560379028,0.564787566661835,-0.75617903470993,	
-75.3216323852539,-269.128662109375,25.5944671630859,0.788692235946655,0.535653054714203,-0.744952857494354,	
-74.9362487792969,-269.154296875,26.1230926513672,0.795903205871582,0.53140252828598,-0.764567255973816,	
-75.0994644165039,-269.074890136719,26.9826736450195,0.766428530216217,0.548306167125702,-0.778484761714935,	
-74.8817596435547,-269.466339111328,26.8293075561523,0.759420812129974,0.518829226493835,-0.778829634189606,	
-74.8661270141602,-269.203979492188,26.512451171875,0.766956388950348,0.540238976478577,-0.764688551425934,	
-74.8668212890625,-268.932586669922,25.6766967773438,0.731650471687317,0.584869503974915,-0.778336226940155,	
-74.9349822998047,-269.678405761719,26.5391311645508,0.759711384773254,0.544522702693939,-0.742291986942291,	
-75.3919372558594,-269.249572753906,26.0979614257813,0.716855525970459,0.568782150745392,-0.741966426372528,	
-74.8570556640625,-269.470336914063,26.0129699707031,0.738697528839111,0.557005286216736,-0.714112102985382,	
-74.7905883789063,-269.248413085938,26.3965759277344,0.752916395664215,0.582227170467377,-0.73360538482666,	
-74.6475524902344,-269.152984619141,24.9293823242188,0.739096760749817,0.571912229061127,-0.781332492828369,	
-74.8619918823242,-269.024322509766,25.0047149658203,0.788898468017578,0.517719805240631,-0.803953588008881,	
-75.1009826660156,-269.074523925781,26.0675201416016,0.781559944152832,0.531050384044647,-0.78137880563736,	
-75.163932800293,-269.5625,25.9933013916016,0.73826014995575,0.548373639583588,-0.744774460792542,	
-75.5472412109375,-269.090270996094,26.1771392822266,0.738693177700043,0.556628882884979,-0.736362516880035,	
-75.1638946533203,-269.386413574219,24.9040985107422,0.767451882362366,0.53088241815567,-0.758999347686768,	
-75.3281631469727,-269.118103027344,26.3941040039063,0.738322556018829,0.556673347949982,-0.758751153945923,	
-75.3167114257813,-269.124206542969,25.9790496826172,0.767090320587158,0.556176841259003,-0.764481067657471,	
-75.2453308105469,-269.170928955078,25.3961410522461,0.738874614238739,0.572917819023132,-0.750264585018158,	
-74.4891891479492,-269.244537353516,26.3058013916016,0.788933277130127,0.568892538547516,-0.764444410800934,	
-75.1599807739258,-269.821838378906,25.9471969604492,0.788573980331421,0.536646962165833,-0.717003583908081,	
-75.0036163330078,-269.647705078125,26.4294052124023,0.767046809196472,0.557673215866089,-0.708496749401093,	
-74.9225692749023,-269.776428222656,26.8186569213867,0.781209111213684,0.566229224205017,-0.705600798130035,	
-75.1712417602539,-269.214538574219,27.0957870483398,0.767095923423767,0.549281656742096,-0.736443936824799,	
-74.8666076660156,-269.380401611328,26.7221145629883,0.795714974403381,0.532322585582733,-0.739342093467712,	
-75.0184936523438,-269.029754638672,25.5916748046875,0.767342507839203,0.548191070556641,-0.739329993724823,	
-74.9518127441406,-269.255676269531,26.0206985473633,0.789074003696442,0.569140434265137,-0.753098666667938,	
-75.0885467529297,-269.344482421875,27.016471862793,0.752324998378754,0.541146636009216,-0.733742654323578,	
-75.1587753295898,-269.471343994141,25.9856414794922,0.752639591693878,0.548880994319916,-0.719619691371918,	
-75.0868606567383,-269.170257568359,26.6839599609375,0.767110168933868,0.566069304943085,-0.716798961162567,	
-75.1722259521484,-269.307434082031,25.4253311157227,0.7817502617836,0.548148632049561,-0.747495710849762,	
-75.082633972168,-269.167510986328,25.3816833496094,0.77502977848053,0.577416479587555,-0.736184120178223,	
-75.0899276733398,-269.076477050781,26.1487808227539,0.738752722740173,0.57357919216156,-0.741952240467072,	
-74.9499206542969,-269.256164550781,26.5847091674805,0.759809374809265,0.552933514118195,-0.750539124011993,	
-74.8543014526367,-269.733856201172,26.8247222900391,0.752811908721924,0.55774188041687,-0.702892541885376,	
-75.1566772460938,-269.99755859375,27.1299896240234,0.780811488628387,0.524701237678528,-0.703038573265076,	
-74.7815093994141,-269.514770507813,26.8971099853516,0.766892910003662,0.583004951477051,-0.716708242893219,	
-75.1044692993164,-269.259918212891,26.3114547729492,0.796115756034851,0.574135303497314,-0.725104510784149,	
-75.0161972045898,-269.562744140625,26.8179626464844,0.76692521572113,0.540560781955719,-0.744883358478546,	
-74.7826690673828,-269.420776367188,26.2006759643555,0.796040177345276,0.540204763412476,-0.750508844852448,	
-74.7847747802734,-269.247283935547,25.3950500488281,0.767486035823822,0.5641850233078,-0.769863188266754,	
-75.242805480957,-269.171447753906,26.1865997314453,0.781343579292297,0.523637473583221,-0.744959056377411,	
-75.4541625976563,-269.391815185547,25.8068161010742,0.760206818580627,0.577441096305847,-0.719274342060089,	
-74.8750839233398,-269.650329589844,26.0406036376953,0.767198801040649,0.56553727388382,-0.71665495634079,	
-74.7959594726563,-269.087005615234,25.972785949707,0.738617539405823,0.573856294155121,-0.722312390804291,	
-75.2354049682617,-269.170227050781,26.3309173583984,0.774706125259399,0.569674551486969,-0.716729283332825,	
-74.7851409912109,-269.331481933594,26.5161209106445,0.817131280899048,0.528461039066315,-0.736691176891327,	
-74.6440277099609,-269.423767089844,26.3188705444336,0.796111643314362,0.573754608631134,-0.747578680515289,	
-74.8714141845703,-269.214752197266,26.7140197753906,0.774197101593018,0.569711983203888,-0.736277759075165,	
-75.2466506958008,-269.093017578125,26.2930068969727,0.759999871253967,0.527809143066406,-0.730923473834991,	
-75.0812683105469,-268.994445800781,26.7859039306641,0.745546281337738,0.578005135059357,-0.741821944713593,	
-74.873161315918,-269.389404296875,26.3158569335938,0.77433830499649,0.561068475246429,-0.747505009174347,	
-75.2195281982422,-268.989807128906,26.1616592407227,0.752959430217743,0.565177261829376,-0.736361980438232,	
-74.8569030761719,-269.643768310547,26.5239105224609,0.766972661018372,0.557218849658966,-0.733694732189178,	
-74.7028427124023,-268.936614990234,26.2798233032227,0.796047985553741,0.574249804019928,-0.716703236103058,	
-74.8761367797852,-269.305633544922,26.101188659668,0.745949864387512,0.577778995037079,-0.730950653553009,	
-74.941764831543,-269.699249267578,26.4153823852539,0.781314551830292,0.557479202747345,-0.722333967685699,	
-74.5436096191406,-269.459136962891,26.7185745239258,0.781486213207245,0.590688824653625,-0.741935789585114,	
-74.7880630493164,-269.601684570313,27.525764465332,0.809961199760437,0.574720859527588,-0.750294029712677,	
-74.9451141357422,-269.420104980469,24.9378967285156,0.760342061519623,0.534888982772827,-0.756242573261261,	
-75.3793258666992,-269.787689208984,25.9176177978516,0.767365872859955,0.540593981742859,-0.719547212123871,	
-75.1588439941406,-269.303161621094,27.2151184082031,0.767057061195374,0.548886001110077,-0.758973181247711,	
-75.0257263183594,-269.487976074219,26.6970520019531,0.752765953540802,0.532288908958435,-0.73097962141037,	
-75.0967636108398,-269.262298583984,27.2991333007813,0.75262725353241,0.574504315853119,-0.713871777057648,	
-75.2992324829102,-269.832214355469,26.6175918579102,0.788501262664795,0.554163098335266,-0.685930609703064,	
-74.6252059936523,-269.777374267578,26.5320053100586,0.810164332389832,0.566239893436432,-0.719545066356659,	
-74.4567108154297,-270.042938232422,25.7397232055664,0.767628967761993,0.549111306667328,-0.69155091047287,	
-74.9929351806641,-269.651245117188,26.016716003418,0.810427188873291,0.565822064876556,-0.716735124588013,	
-75.1536712646484,-269.737335205078,26.4408645629883,0.79547119140625,0.541065692901611,-0.719768643379211,	
-74.7977294921875,-269.521362304688,25.7084884643555,0.79615581035614,0.523464977741241,-0.736579060554504,	
-74.9421997070313,-269.704284667969,26.1159591674805,0.767341673374176,0.557034194469452,-0.719594061374664,	
-75.1521377563477,-269.3896484375,26.097412109375,0.788894176483154,0.51966005563736,-0.722603321075439,	
-75.3745498657227,-269.530151367188,26.1014404296875,0.774873614311218,0.578111112117767,-0.72508978843689,	
-74.7169647216797,-269.748992919922,27.6194458007813,0.788544297218323,0.563024699687958,-0.699940860271454,	
-75.2980194091797,-269.397399902344,25.8861083984375,0.767020583152771,0.54953271150589,-0.685953676700592,	
-75.1667938232422,-269.665344238281,26.3486862182617,0.78896689414978,0.54441887140274,-0.736348092556,	
-74.9406967163086,-269.694244384766,25.9412841796875,0.810274660587311,0.549027264118195,-0.733540058135986,	
-75.2438354492188,-269.715270996094,25.9091567993164,0.810570657253265,0.566306293010712,-0.691427171230316,	
-75.2252960205078,-269.615051269531,26.1111831665039,0.774808943271637,0.578510105609894,-0.69988888502121,	
-75.1501541137695,-269.3984375,27.327033996582,0.788738787174225,0.562673509120941,-0.691566824913025,	
-75.1529312133789,-269.921661376953,26.5374450683594,0.8101407289505,0.558335423469543,-0.683039605617523,	
-75.1462936401367,-270.006927490234,26.0341415405273,0.788974940776825,0.554067075252533,-0.669051110744476,	
-75.1495971679688,-269.478515625,26.5126419067383,0.760067164897919,0.578804314136505,-0.702707767486572,	
-75.0010757446289,-269.653930664063,26.729621887207,0.803011178970337,0.553968846797943,-0.705503046512604,	
-75.0103302001953,-269.753356933594,27.2359008789063,0.802861154079437,0.546297192573547,-0.685996115207672,	
-74.8577575683594,-269.934387207031,27.2386093139648,0.795860767364502,0.575266003608704,-0.685803949832916,	
-75.085563659668,-269.707824707031,26.6150283813477,0.795761227607727,0.55782812833786,-0.708194196224213,	
-75.0753784179688,-269.440307617188,26.7135391235352,0.80309534072876,0.570830225944519,-0.683134138584137,	
-74.8363876342773,-269.749267578125,27.2244567871094,0.788805782794952,0.571402013301849,-0.680232465267181,	
-75.0803604125977,-269.445251464844,27.0982818603516,0.79596084356308,0.583865225315094,-0.682925820350647,	
-75.3738784790039,-269.713256835938,26.8124313354492,0.810375154018402,0.56656140089035,-0.705475449562073,	
-75.2144775390625,-269.702026367188,25.9297866821289,0.767228782176971,0.549617946147919,-0.685846269130707,	
-75.2165679931641,-269.623291015625,26.4839172363281,0.803548038005829,0.571155726909637,-0.67457640171051,	
-74.7662124633789,-269.519653320313,26.6858444213867,0.774654150009155,0.579352974891663,-0.680059611797333,	
-74.7066268920898,-269.654937744141,27.2288970947266,0.79613196849823,0.583694994449615,-0.697059452533722,	
-74.9883804321289,-269.573425292969,26.7976379394531,0.803263366222382,0.545983254909515,-0.680352091789246,	
-74.9880218505859,-269.999481201172,27.2400207519531,0.788546681404114,0.554326117038727,-0.711165070533752,	
-74.5469055175781,-270.005737304688,26.0380706787109,0.782350420951843,0.582614302635193,-0.702745378017426,	
-75.2193756103516,-269.883880615234,26.5199813842773,0.839268982410431,0.567303240299225,-0.674582302570343,	
-75.1438293457031,-269.928283691406,26.9041061401367,0.795851230621338,0.558907449245453,-0.680137813091278,	
-75.1544876098633,-269.577728271484,25.4878234863281,0.803675651550293,0.586525082588196,-0.707968056201935,	
-74.9379119873047,-269.535858154297,27.314338684082,0.803143560886383,0.562342464923859,-0.716755747795105,	
-74.7719192504883,-269.703399658203,26.9025726318359,0.809982061386108,0.558793723583221,-0.685907542705536,	
-74.6106643676758,-269.704864501953,26.7133941650391,0.817852258682251,0.571116864681244,-0.680070400238037,	
-74.8367614746094,-269.917785644531,26.6154479980469,0.825012147426605,0.584004521369934,-0.65767627954483,	
-74.5441589355469,-269.826538085938,26.7314453125,0.817709565162659,0.579615712165833,-0.67735481262207,	
-74.8412017822266,-269.745819091797,27.0211944580078,0.810378551483154,0.575780689716339,-0.663489520549774,	
-74.8403091430664,-269.749176025391,26.6350860595703,0.831847190856934,0.571236431598663,-0.668814122676849,	
-75.2240982055664,-269.970001220703,25.8270568847656,0.803827106952667,0.58771800994873,-0.640772879123688,	
-74.9074401855469,-270.230773925781,27.6588745117188,0.831709027290344,0.572743833065033,-0.643735766410828,	
-75.0720825195313,-269.886138916016,26.6200180053711,0.80344146490097,0.579813838005066,-0.663294196128845,	
-74.8383941650391,-269.920593261719,26.9388732910156,0.839428663253784,0.559521019458771,-0.668988585472107,	
-75.0851745605469,-269.63232421875,26.4289016723633,0.803263187408447,0.579318940639496,-0.688433825969696,	
-75.2283477783203,-269.800140380859,27.2346496582031,0.803217351436615,0.571687817573547,-0.668985068798065,	
-75.3730545043945,-269.794921875,27.2305603027344,0.781727910041809,0.575187146663666,-0.691382944583893,	
-75.135368347168,-269.923767089844,26.7292175292969,0.810773134231567,0.583692669868469,-0.674545884132385,	
-75.0761566162109,-269.624267578125,25.8949584960938,0.781706988811493,0.54969322681427,-0.688674509525299,	
-74.9199829101563,-269.531677246094,26.4199600219727,0.781885266304016,0.583523869514465,-0.671616494655609,	
-75.2853851318359,-269.478881835938,26.8030319213867,0.831838607788086,0.579366087913513,-0.691188871860504,	
-74.696533203125,-269.922393798828,26.5343780517578,0.818089246749878,0.579578876495361,-0.688544034957886,	
-74.7565765380859,-269.697448730469,26.8321380615234,0.810941338539124,0.592173099517822,-0.680292427539825,	
-74.983642578125,-269.655212402344,26.8051376342773,0.846435785293579,0.596317529678345,-0.671593129634857,	
-74.8376083374023,-269.658721923828,26.7225341796875,0.817678213119507,0.57099837064743,-0.682959735393524,	
-75.0774688720703,-269.629974365234,26.3364715576172,0.817929685115814,0.562968552112579,-0.660422265529633,	
-75.1403427124023,-269.491668701172,26.0053253173828,0.803778648376465,0.570963621139526,-0.657635867595673,	
-75.0661315917969,-269.806213378906,27.0449295043945,0.817801892757416,0.571995973587036,-0.660522520542145,	
-74.9792327880859,-269.924652099609,26.2284164428711,0.803556799888611,0.554139137268066,-0.674550950527191,	
-74.6849060058594,-269.924865722656,26.1114349365234,0.796687543392181,0.600276291370392,-0.668712794780731,	
-75.1459350585938,-269.397369384766,26.1796646118164,0.818179607391357,0.579187154769897,-0.68011200428009,	
-74.7734375,-269.618713378906,27.2174987792969,0.788700103759766,0.571217000484467,-0.688685894012451,	
-75.1375885009766,-269.837799072266,26.4320907592773,0.817668855190277,0.554635167121887,-0.677517116069794,	
-74.9986877441406,-269.844146728516,27.4377059936523,0.845831871032715,0.538589656352997,-0.683087408542633,	
-74.8486175537109,-269.844512939453,27.7059020996094,0.845838308334351,0.563603222370148,-0.680142998695374,	
-75.1458892822266,-269.500823974609,25.9743804931641,0.840029418468475,0.583632946014404,-0.665988445281982,	
-75.0602111816406,-269.797149658203,26.7247314453125,0.818171083927155,0.59625631570816,-0.677076816558838,	
-74.9097747802734,-269.711639404297,26.2169494628906,0.796408772468567,0.566737413406372,-0.666076004505157,	
-75.1304626464844,-269.746643066406,25.7191162109375,0.825555026531219,0.574999094009399,-0.66609650850296,	
-74.6129379272461,-270.060394287109,26.149055480957,0.818256616592407,0.570990920066833,-0.663301169872284,	
-74.7529907226563,-269.885192871094,27.337287902832,0.817595720291138,0.605435013771057,-0.657586514949799,	
-75.0739059448242,-269.886901855469,25.9415969848633,0.810674428939819,0.575237989425659,-0.668912470340729,	
-75.1281127929688,-269.755523681641,26.0975952148438,0.832420945167542,0.570800244808197,-0.674466490745544,	
-74.9847793579102,-269.933807373047,26.1974639892578,0.811247825622559,0.583692908287048,-0.65199202299118,	
-74.9862823486328,-269.937438964844,27.1371459960938,0.817703187465668,0.596873044967651,-0.663194477558136,	
-74.9844741821289,-269.92626953125,27.2257232666016,0.824455916881561,0.534043610095978,-0.680554926395416,	
-74.7682952880859,-269.272277832031,27.2001419067383,0.810712337493896,0.550290822982788,-0.702765762805939,	
-75.1364059448242,-269.584777832031,26.2995529174805,0.839607894420624,0.591929078102112,-0.668717741966248,	
-74.9162292480469,-269.622711181641,26.7123489379883,0.825286626815796,0.583830952644348,-0.674481749534607,	
-74.975700378418,-269.758392333984,26.5092544555664,0.832586467266083,0.596870541572571,-0.646416187286377,	
-74.8466644287109,-269.844573974609,26.5005874633789,0.839592039585114,0.583884000778198,-0.67452484369278,	
-74.8381652832031,-269.578643798828,26.0369338989258,0.839631259441376,0.575388550758362,-0.674568712711334,	
-74.9182205200195,-269.804473876953,27.0166015625,0.803399682044983,0.588073253631592,-0.677212655544281,	
-75.0475082397461,-270.242065429688,27.0261459350586,0.839446902275085,0.576689183712006,-0.62686961889267,	
-74.829833984375,-269.935485839844,27.2446899414063,0.839443743228912,0.576404631137848,-0.643669188022614,	
-75.1336364746094,-270.294067382813,28.1548843383789,0.824337124824524,0.577264428138733,-0.63811457157135,	
-74.9046859741211,-269.9736328125,27.3173370361328,0.810438454151154,0.592783570289612,-0.666018307209015,	
-75.2916259765625,-269.680297851563,27.1191101074219,0.803186118602753,0.605341494083405,-0.65748530626297,	
-74.7587356567383,-269.887573242188,27.2244033813477,0.832008302211761,0.563594460487366,-0.65493232011795,	
-74.5359725952148,-269.927307128906,25.8132476806641,0.825592339038849,0.575250208377838,-0.652079045772552,	
-75.0679931640625,-270.068359375,27.1552734375,0.825161457061768,0.593094766139984,-0.660619556903839,	
-74.7636032104492,-269.720672607422,27.3307189941406,0.83203649520874,0.5719273686409,-0.666126787662506,	
-74.8278884887695,-270.289947509766,27.0329971313477,0.846636652946472,0.589167535305023,-0.629507839679718,	
-74.9826202392578,-269.77197265625,27.5342559814453,0.83931690454483,0.585528373718262,-0.638095021247864,	
-74.9021148681641,-269.718444824219,26.8287887573242,0.839487493038177,0.592734634876251,-0.651893794536591,	
-74.9140625,-269.717864990234,27.213737487793,0.839409530162811,0.600834608078003,-0.674378931522369,	
-75.0552062988281,-269.807342529297,26.5099334716797,0.817959368228912,0.580328404903412,-0.640979647636414,	
-75.1068344116211,-270.1083984375,26.7156143188477,0.839460492134094,0.584493458271027,-0.635248363018036,	
-75.1272201538086,-269.758880615234,27.2114868164063,0.860759437084198,0.563900113105774,-0.646509945392609,	
-74.8355560302734,-269.673461914063,26.917854309082,0.803218960762024,0.57182788848877,-0.660697102546692,	
-74.8347396850586,-270.192199707031,27.4446182250977,0.817373394966125,0.564165413379669,-0.643846929073334,	
-75.0556640625,-269.881591796875,27.3104858398438,0.832462906837463,0.597391664981842,-0.646391808986664,	
-74.9794692993164,-270.016052246094,26.7007522583008,0.846566557884216,0.580154418945313,-0.65764194726944,	
-74.8457870483398,-269.67529296875,27.2198028564453,0.839373528957367,0.609614729881287,-0.65753573179245,	
-74.7508163452148,-269.9755859375,26.7585678100586,0.846567511558533,0.58025062084198,-0.651967465877533,	
-74.9902648925781,-269.937805175781,26.8170928955078,0.846779465675354,0.580664217472076,-0.632447063922882,	
-74.9708023071289,-269.938720703125,26.9179840087891,0.853758156299591,0.601712048053741,-0.626581847667694,	
-75.1213531494141,-270.111755371094,26.9342498779297,0.832111120223999,0.572429776191711,-0.638091742992401,	
-75.0540390014648,-270.064544677734,26.9408493041992,0.831970810890198,0.57222992181778,-0.646600425243378,	
-74.8372421264648,-269.927276611328,26.440185546875,0.82543420791626,0.609088242053986,-0.66041511297226,	
-74.6753082275391,-269.759063720703,25.6232681274414,0.868715226650238,0.575402557849884,-0.657551825046539,	
-74.4034271240234,-269.590270996094,26.4208297729492,0.854097902774811,0.558912336826324,-0.683079481124878,	
-74.7624969482422,-269.708190917969,26.8072509765625,0.832261800765991,0.571210324764252,-0.68017166852951,	
-75.0534210205078,-269.618835449219,27.1237335205078,0.868107318878174,0.568451702594757,-0.652065932750702,	
-74.6228179931641,-269.805389404297,26.9352569580078,0.853679597377777,0.576432108879089,-0.643599033355713,	
-74.6073303222656,-269.531829833984,26.9122924804688,0.861037135124207,0.564011037349701,-0.646515846252441,	
-74.5317153930664,-270.0185546875,26.1454772949219,0.839883863925934,0.567450642585754,-0.646580636501312,	
-74.3924560546875,-269.497924804688,27.4116516113281,0.853732228279114,0.601652443408966,-0.663275599479675,	
-74.2989654541016,-270.058837890625,28.0546951293945,0.853190183639526,0.568483293056488,-0.666285693645477,	
-74.4488525390625,-269.619476318359,26.8248748779297,0.83265233039856,0.596563577651978,-0.666166186332703,	
-74.819091796875,-270.018188476563,27.7525177001953,0.85376900434494,0.601855635643005,-0.652095377445221,	
-74.6852722167969,-269.494079589844,27.0889511108398,0.831928968429565,0.58048939704895,-0.660518944263458,	
-74.4612503051758,-269.530883789063,27.7055358886719,0.818001627922058,0.613538682460785,-0.691318869590759,	
-74.6080780029297,-269.539703369141,27.004508972168,0.853349149227142,0.559134006500244,-0.685990571975708,	
-74.6185836791992,-269.449890136719,27.2942657470703,0.803674876689911,0.587943613529205,-0.691404402256012,	
-74.8361206054688,-269.672973632813,26.4220581054688,0.83205509185791,0.571269333362579,-0.67176753282547,	
-74.7635345458984,-269.447082519531,26.9124984741211,0.868355453014374,0.593416929244995,-0.657694160938263,	
-74.7582931518555,-269.802917480469,27.3339996337891,0.861036598682404,0.597294390201569,-0.657658457756042,	
-74.8343200683594,-269.852294921875,26.0445251464844,0.854544103145599,0.583863139152527,-0.66047340631485,	
-74.759407043457,-269.894989013672,27.0472869873047,0.846660256385803,0.597071707248688,-0.666013419628143,	
-74.6728973388672,-269.847106933594,26.9222412109375,0.818083107471466,0.596831977367401,-0.674607157707214,	
-74.978157043457,-269.679504394531,26.9145431518555,0.86828202009201,0.56861412525177,-0.646562993526459,	
-74.6043395996094,-269.983489990234,27.1356048583984,0.860798716545105,0.597675442695618,-0.629448890686035,	
-74.7540512084961,-269.810577392578,27.1215744018555,0.882069230079651,0.568700671195984,-0.632353127002716,	
-74.6030731201172,-269.902648925781,27.1284255981445,0.846726059913635,0.581259191036224,-0.629698693752289,	
-74.8305969238281,-269.770721435547,26.9422302246094,0.868163168430328,0.610315799713135,-0.62658417224884,	
-74.6048431396484,-270.06689453125,27.1404190063477,0.846376836299896,0.580930233001709,-0.640928387641907,	
-74.8240280151367,-269.93603515625,26.898078918457,0.839578449726105,0.593905746936798,-0.618386566638947,	
-74.9821853637695,-269.766937255859,27.3336715698242,0.83983051776886,0.610316634178162,-0.626727402210236,	
-75.0498123168945,-269.899597167969,27.333740234375,0.839360594749451,0.568522274494171,-0.638237953186035,	
-74.7581405639648,-269.896759033203,27.1551208496094,0.867908298969269,0.560284852981567,-0.626961171627045,	
-74.9756011962891,-269.940979003906,26.7244644165039,0.847132802009583,0.605770349502563,-0.632235467433929,	
-74.8252868652344,-269.937286376953,27.215446472168,0.832213938236237,0.581265151500702,-0.621251285076141,	
-74.8301849365234,-270.109680175781,27.1454315185547,0.839759409427643,0.576810657978058,-0.627044022083282,	
-74.7499389648438,-269.806304931641,26.977783203125,0.846389532089233,0.58869081735611,-0.651920735836029,	
-74.5980606079102,-269.800231933594,25.914665222168,0.839984059333801,0.576049864292145,-0.643702566623688,	
-74.8238525390625,-269.68115234375,27.7353134155273,0.853766679763794,0.577222645282745,-0.63256573677063,	
-75.0456085205078,-269.641571044922,27.5217819213867,0.860674858093262,0.598144352436066,-0.632485508918762,	
-74.7436065673828,-269.899139404297,27.4462356567383,0.853701293468475,0.610909283161163,-0.618283867835999,	
-74.5258026123047,-269.761993408203,27.3208770751953,0.861321985721588,0.589179337024689,-0.640963852405548,	
-74.6780090332031,-269.929138183594,28.2256317138672,0.860560178756714,0.581648886203766,-0.632435500621796,	
-74.6724700927734,-270.194793701172,27.0603866577148,0.86114639043808,0.597859978675842,-0.626731038093567,	
-74.6647338867188,-269.932739257813,27.3341064453125,0.868330359458923,0.585368394851685,-0.629700064659119,	
-74.8936920166016,-269.812133789063,26.7081756591797,0.861267566680908,0.606037497520447,-0.615531146526337,	
-74.8952178955078,-269.807037353516,27.2129135131836,0.853916943073273,0.593829274177551,-0.626886069774628,	
-74.7510223388672,-269.722991943359,26.8271331787109,0.847204208374023,0.572652637958527,-0.612918198108673,	
-74.963752746582,-269.679382324219,26.9344940185547,0.846588671207428,0.581348061561584,-0.621184229850769,	
-74.5315093994141,-269.945739746094,27.5376052856445,0.875181019306183,0.573172748088837,-0.641040146350861,	
-74.6670608520508,-269.938995361328,28.1255722045898,0.83941924571991,0.594315767288208,-0.624091744422913,	
-74.7359161376953,-270.251220703125,27.8474273681641,0.868278861045837,0.586155951023102,-0.615603029727936,	
-74.7446060180664,-269.908416748047,27.2311172485352,0.868262112140656,0.594374001026154,-0.598725855350494,	
-74.7234954833984,-270.074401855469,28.3231582641602,0.875157535076141,0.607539415359497,-0.587429583072662,	
-75.0365524291992,-269.899200439453,27.0873718261719,0.853925585746765,0.585699379444122,-0.604511141777039,	
-75.048942565918,-270.084716796875,27.0465774536133,0.868415296077728,0.602330148220062,-0.601433217525482,	
-74.7493286132813,-269.641815185547,27.6994781494141,0.825334489345551,0.610943138599396,-0.615644991397858,	
-74.7371520996094,-270.072357177734,28.2207565307617,0.860633432865143,0.582006931304932,-0.612911999225616,	
-74.8844146728516,-270.248443603516,27.0251312255859,0.87563294172287,0.589757204055786,-0.610021412372589,	
-74.9572143554688,-270.299621582031,26.6381759643555,0.876032650470734,0.598146140575409,-0.592929780483246,	
-74.8187408447266,-270.036193847656,27.5405578613281,0.882661759853363,0.611392378807068,-0.604303419589996,	
-75.0362243652344,-270.422729492188,27.858772277832,0.889782130718231,0.590508997440338,-0.598746597766876,	
-74.5903167724609,-269.901336669922,27.116943359375,0.868509531021118,0.619295299053192,-0.606967687606812,	
-74.8222427368164,-269.942749023438,26.6258544921875,0.861514925956726,0.597627222537994,-0.615467727184296,	
-74.5914764404297,-270.164794921875,28.3393325805664,0.853934466838837,0.594594120979309,-0.615739524364471,	
-74.6738739013672,-269.944702148438,27.3318862915039,0.861181616783142,0.597923099994659,-0.623838663101196,	
-74.8880157470703,-269.808502197266,26.9354858398438,0.87598067522049,0.589941918849945,-0.607303440570831,	
-74.7353210449219,-269.992004394531,27.209358215332,0.882600009441376,0.594253778457642,-0.609839022159576,	
-74.513542175293,-270.119903564453,26.5476531982422,0.868695318698883,0.593742251396179,-0.612663388252258,	
-74.6542434692383,-269.854614257813,27.2297592163086,0.861286103725433,0.573566794395447,-0.59040504693985,	
-74.5926971435547,-270.074249267578,27.8374099731445,0.832239270210266,0.564916968345642,-0.615753650665283,	
-74.6671524047852,-270.119567871094,27.8389358520508,0.867897629737854,0.586048424243927,-0.612925350666046,	
-74.5225372314453,-269.505096435547,27.5191802978516,0.846607029438019,0.573269844055176,-0.629773437976837,	
-74.744384765625,-269.723968505859,28.0539169311523,0.896884977817535,0.594772338867188,-0.615590333938599,	
-74.6702346801758,-269.686218261719,26.5241394042969,0.868589639663696,0.593557476997375,-0.621116816997528,	
-74.7291870117188,-270.155944824219,27.1307754516602,0.861573219299316,0.614485621452332,-0.626508176326752,	
-74.7459335327148,-269.821075439453,26.4677810668945,0.861512959003448,0.59743469953537,-0.62681645154953,	
-74.7498474121094,-269.552581787109,26.8096160888672,0.854322552680969,0.584912776947021,-0.626791894435883,	
-74.6784820556641,-269.590606689453,27.7917556762695,0.854257524013519,0.60228818655014,-0.638031542301178,	
-74.4536743164063,-269.556030273438,27.7258911132813,0.868069410324097,0.577039301395416,-0.646571338176727,	
-74.6622314453125,-270.115051269531,27.223518371582,0.882633209228516,0.594124436378479,-0.61829549074173,	
-74.7438049316406,-269.898773193359,28.0992965698242,0.875320851802826,0.606656074523926,-0.643674075603485,	
-74.670036315918,-269.855224609375,26.9109191894531,0.868615031242371,0.610540986061096,-0.623924374580383,	
-74.7495193481445,-269.555450439453,27.9277191162109,0.860767602920532,0.581633627414703,-0.638226211071014,	
-74.5123138427734,-269.587585449219,26.4871444702148,0.847271323204041,0.605773448944092,-0.635299265384674,	
-74.3003997802734,-269.715728759766,26.6213531494141,0.868476569652557,0.568262934684753,-0.638189196586609,	
-74.2880783081055,-269.714752197266,27.730339050293,0.861089289188385,0.598122537136078,-0.643619537353516,	
-74.5939636230469,-269.992889404297,27.0397567749023,0.897042274475098,0.594169676303864,-0.621233880519867,	
-74.4444732666016,-269.902770996094,26.5325088500977,0.8759526014328,0.606053590774536,-0.626763582229614,	
-74.8906936645508,-269.988952636719,28.1276931762695,0.875779271125793,0.607502460479736,-0.604354202747345,	
-74.5274200439453,-269.859558105469,28.0040664672852,0.860826432704926,0.598540186882019,-0.646429359912872,	
-74.8958969116211,-270.089294433594,27.3396148681641,0.85469514131546,0.610972106456757,-0.604308545589447,	
-74.5908660888672,-269.993896484375,27.8260192871094,0.875681042671204,0.590156376361847,-0.621293604373932,	
-74.9509353637695,-270.032043457031,27.1473159790039,0.889888644218445,0.581850826740265,-0.610028922557831,	
-74.9740676879883,-269.866455078125,27.529899597168,0.875543117523193,0.590197324752808,-0.615616381168365,	
-74.7234725952148,-269.730377197266,27.4193878173828,0.868463814258575,0.602777361869812,-0.609868288040161,	
-74.8148574829102,-269.690979003906,28.340576171875,0.882357597351074,0.58678150177002,-0.610112845897675,	
-74.5860366821289,-270.085632324219,26.654052734375,0.86891120672226,0.618933200836182,-0.604160845279694,	
-74.5866241455078,-270.074737548828,27.0684051513672,0.847296833992004,0.631696403026581,-0.612696588039398,	
-74.8112945556641,-270.0322265625,26.2156219482422,0.868776798248291,0.601428031921387,-0.629667103290558,	
-74.8034362792969,-269.850555419922,27.79541015625,0.904432415962219,0.590510368347168,-0.610034167766571,	
-74.5863342285156,-269.823059082031,26.4020767211914,0.883220255374908,0.619318723678589,-0.584567308425903,	
-74.7328643798828,-270.261383056641,27.3379516601563,0.904975891113281,0.632710874080658,-0.576163113117218,	
-74.5057983398438,-270.221008300781,27.2499389648438,0.861498057842255,0.607312023639679,-0.579189598560333,	
-74.5835571289063,-270.257537841797,26.95361328125,0.890185296535492,0.590291142463684,-0.587428271770477,	
-74.807487487793,-270.040191650391,26.623664855957,0.87595397233963,0.581753194332123,-0.58759742975235,	
-74.8149871826172,-269.774475097656,26.9942321777344,0.883024275302887,0.619525671005249,-0.601452648639679,	
-74.813720703125,-270.129974365234,27.8704223632813,0.896814942359924,0.5946986079216,-0.618314206600189,	
-74.7318267822266,-269.558380126953,27.2357635498047,0.882877945899963,0.594360411167145,-0.610068500041962,	
-74.4281921386719,-269.814788818359,26.99169921875,0.868972837924957,0.602740049362183,-0.590319812297821,	
-74.8848876953125,-269.987823486328,26.1261672973633,0.876175999641418,0.589690864086151,-0.593031764030457,	
-74.6688842773438,-269.777557373047,27.1423187255859,0.89042741060257,0.623622536659241,-0.601468861103058,	
-74.5909194946289,-269.639892578125,27.1017303466797,0.861492276191711,0.606791377067566,-0.609951615333557,	
-74.3687438964844,-270.027160644531,27.4534072875977,0.875930309295654,0.61527019739151,-0.618186771869659,	
-74.3579406738281,-269.943206787109,27.5322265625,0.882836103439331,0.602619707584381,-0.623987019062042,	
-74.6682434082031,-269.947204589844,27.838264465332,0.925784766674042,0.611540377140045,-0.609999895095825,	
-74.7456588745117,-270.159240722656,27.5547180175781,0.868496537208557,0.602599918842316,-0.621161818504333,	
-74.6622085571289,-269.771057128906,26.8197402954102,0.897978663444519,0.63525515794754,-0.629056572914124,	
-74.7394714355469,-269.641571044922,26.9035873413086,0.897320985794067,0.594376802444458,-0.615565478801727,	
-74.5922241210938,-269.292846679688,26.7045288085938,0.897516131401062,0.585186660289764,-0.626703679561615,	
-74.7475280761719,-269.816436767578,27.7418441772461,0.883156597614288,0.627899289131165,-0.612705290317535,	
-74.441520690918,-269.813934326172,26.8524932861328,0.883775949478149,0.610649466514587,-0.607152044773102,	
-74.5086288452148,-269.593048095703,27.1240386962891,0.933224439620972,0.606905400753021,-0.624022603034973,	
-74.1322631835938,-269.712738037109,26.1114349365234,0.897843539714813,0.626588761806488,-0.635050654411316,	
-74.5307922363281,-269.599975585938,27.3206787109375,0.883225619792938,0.618994057178497,-0.637781620025635,	
-74.7416687011719,-269.810852050781,27.1161499023438,0.89747029542923,0.610887289047241,-0.615560114383698,	
-74.7419052124023,-269.298278808594,26.5949172973633,0.897543847560883,0.593471646308899,-0.640735328197479,	
-74.3786163330078,-269.772155761719,27.7396011352539,0.876029849052429,0.614881932735443,-0.64355605840683,	
-74.1339340209961,-269.645141601563,27.4492874145508,0.88318282365799,0.636039674282074,-0.635248720645905,	
-74.6582183837891,-269.417938232422,27.8010711669922,0.875928342342377,0.615077674388885,-0.629535496234894,	
-74.9563217163086,-269.945526123047,27.333251953125,0.91902220249176,0.606800973415375,-0.629488170146942,	
-74.742805480957,-269.809906005859,27.1245803833008,0.861274003982544,0.581360042095184,-0.632640242576599,	
-74.4388122558594,-269.728210449219,27.0200424194336,0.88333648443222,0.610712289810181,-0.62681370973587,	
-74.2179489135742,-269.684814453125,27.4298706054688,0.897311627864838,0.61134546995163,-0.618428170681,	
-74.5956878662109,-269.735198974609,28.1130676269531,0.889902293682098,0.624501585960388,-0.60447496175766,	
-74.4392623901367,-270.082946777344,26.6341323852539,0.89787083864212,0.610433101654053,-0.618204176425934,	
-74.8192596435547,-269.864318847656,27.5356750488281,0.904147982597351,0.589782536029816,-0.646464586257935,	
-74.8823394775391,-269.998748779297,26.5064849853516,0.904914259910583,0.597746193408966,-0.629458129405975,	
-74.7148666381836,-270.258453369141,27.3291549682617,0.904374539852142,0.607035875320435,-0.604238331317902,	
-74.7196426391602,-269.911010742188,28.2221221923828,0.861191868782043,0.582513034343719,-0.596124351024628,	
-74.9578552246094,-269.963043212891,27.0572891235352,0.897659420967102,0.627889573574066,-0.587351381778717,	
-74.7353057861328,-269.475341796875,26.9109039306641,0.904563009738922,0.615050852298737,-0.604276955127716,	
-74.4301986694336,-269.901824951172,26.9361953735352,0.904579758644104,0.606832504272461,-0.621154129505157,	
-74.4374237060547,-269.648162841797,26.6291198730469,0.876342356204987,0.606918275356293,-0.584716975688934,	
-74.3513870239258,-269.77197265625,27.1336441040039,0.876167118549347,0.640039563179016,-0.601362407207489,	
-74.4360580444336,-269.991729736328,27.3317947387695,0.912056982517242,0.611383736133575,-0.59597247838974,	
-74.7311401367188,-269.993682861328,27.5312423706055,0.890485525131226,0.649367988109589,-0.590160012245178,	
-74.5836639404297,-269.992309570313,28.1233901977539,0.896807849407196,0.611855506896973,-0.610051691532135,	
-74.5111846923828,-269.696441650391,26.397590637207,0.912349581718445,0.619443476200104,-0.595845758914948,	
-74.6615142822266,-269.774017333984,27.0866928100586,0.904940128326416,0.614777743816376,-0.629428446292877,	
-74.2965393066406,-269.909790039063,27.9391174316406,0.889797031879425,0.624369084835052,-0.609867751598358,	
-74.5836563110352,-269.559967041016,26.594856262207,0.912631332874298,0.619934916496277,-0.573377788066864,	
-74.4981231689453,-269.767181396484,27.1041946411133,0.876116454601288,0.631983876228333,-0.607001066207886,	
-74.6522827148438,-269.692443847656,27.719612121582,0.868817508220673,0.627927541732788,-0.607042908668518,	
-74.6432800292969,-270.032409667969,26.9442749023438,0.904802560806274,0.623753488063812,-0.598564565181732,	
-74.7183074951172,-269.556579589844,28.2967147827148,0.90453690290451,0.632821619510651,-0.592987358570099,	
-74.3448181152344,-269.857696533203,27.3996734619141,0.904504597187042,0.590772330760956,-0.596185088157654,	
-74.2857971191406,-270.267303466797,28.250732421875,0.933026194572449,0.5914186835289,-0.595968425273895,	
-74.6555786132813,-270.126434326172,27.5401458740234,0.890419542789459,0.640735447406769,-0.595820069313049,	
-74.2218246459961,-269.867797851563,27.8250198364258,0.911786258220673,0.586695790290833,-0.607177674770355,	
-74.2860565185547,-269.911254882813,27.0245895385742,0.89052551984787,0.598697543144226,-0.601634323596954,	
-74.5081176757813,-269.952423095703,28.2376098632813,0.926088809967041,0.595399439334869,-0.598833858966827,	
-74.8100051879883,-269.607330322266,28.3046569824219,0.889942348003387,0.616106688976288,-0.59862095117569,	
-74.8079681396484,-270.138702392578,28.2984237670898,0.904324054718018,0.607915341854095,-0.584690570831299,	
-74.7999801635742,-269.957885742188,27.9944839477539,0.911540389060974,0.595250427722931,-0.59872955083847,	
-74.3505859375,-270.040161132813,27.7308197021484,0.883013606071472,0.611957609653473,-0.579111635684967,	
-74.4265747070313,-270.350524902344,26.9607696533203,0.911707937717438,0.619994103908539,-0.581792056560516,	
-74.5676193237305,-269.909729003906,27.1300964355469,0.876011610031128,0.607450425624847,-0.579125642776489,	
-74.0379257202148,-270.212951660156,27.6178283691406,0.933293342590332,0.591377377510071,-0.570908010005951,	
-74.1952972412109,-269.948913574219,26.722038269043,0.912489354610443,0.619595050811768,-0.59017425775528,	
-74.1897888183594,-270.033233642578,27.7271728515625,0.918494164943695,0.590419292449951,-0.612853467464447,	
-74.2616348266602,-269.731567382813,26.9208679199219,0.904665410518646,0.623838186264038,-0.590273559093475,	
-74.4294204711914,-269.914794921875,27.5236663818359,0.918944954872131,0.599491655826569,-0.590234458446503,	
-74.4871215820313,-270.208953857422,27.2633514404297,0.933545053005219,0.607792437076569,-0.579025506973267,	
-74.5754623413086,-270.097076416016,28.0600433349609,0.911532044410706,0.57898360490799,-0.587612807750702,	
-74.3421020507813,-270.208282470703,27.4505996704102,0.947594463825226,0.6243856549263,-0.601506769657135,	
-74.5725860595703,-270.087310791016,28.4095153808594,0.911104023456573,0.595597684383392,-0.601591527462006,	
-74.3622436523438,-269.698883056641,27.5994110107422,0.883544087409973,0.62857574224472,-0.581784129142761,	
-74.4975204467773,-269.866394042969,26.814582824707,0.933942079544067,0.607005894184113,-0.601306200027466,	
-74.8022537231445,-269.433624267578,27.2031326293945,0.933961570262909,0.607958853244781,-0.579034507274628,	
-74.3377685546875,-270.035400390625,26.0248184204102,0.90507036447525,0.614873468875885,-0.593016564846039,	
-74.575927734375,-269.568023681641,27.59228515625,0.904934525489807,0.641018211841583,-0.58724457025528,	
-74.3360290527344,-269.860748291016,27.4229888916016,0.925958156585693,0.587165951728821,-0.579293072223663,	
-74.5615844726563,-270.171630859375,26.6498489379883,0.883811891078949,0.619695603847504,-0.576236069202423,	
-73.9755554199219,-270.429962158203,27.3736953735352,0.904898703098297,0.616462111473083,-0.562319338321686,	
-74.2666473388672,-270.000915527344,27.0195541381836,0.926966965198517,0.661845088005066,-0.581571996212006,	
-73.9012603759766,-270.040283203125,27.621452331543,0.919446289539337,0.616567432880402,-0.565037250518799,	
-74.0546417236328,-270.385589599609,28.0490264892578,0.933094084262848,0.591304123401642,-0.604369699954987,	
-74.4247589111328,-269.744750976563,27.2159805297852,0.92646449804306,0.620228409767151,-0.581788957118988,	
-74.5075073242188,-270.056335449219,28.0280914306641,0.940440833568573,0.654341876506805,-0.572973668575287,	
-74.5707321166992,-269.658203125,27.9142379760742,0.940678536891937,0.629516184329987,-0.570528447628021,	
-74.5874557495117,-270.267883300781,27.4540863037109,0.911967098712921,0.587431252002716,-0.567852139472961,	
-74.7119064331055,-270.091705322266,27.6142196655273,0.911911129951477,0.628541827201843,-0.584422886371613,	
-74.6560287475586,-269.880920410156,28.3111267089844,0.926162302494049,0.595809876918793,-0.576249659061432,	
-74.4067230224609,-270.002777099609,28.2266311645508,0.919043362140656,0.616837680339813,-0.573294937610626,	
-74.1895599365234,-270.216674804688,27.0586318969727,0.91227251291275,0.645465791225433,-0.564897119998932,	
-74.5653457641602,-270.26708984375,28.0365142822266,0.947529375553131,0.633675575256348,-0.553733289241791,	
-74.3393402099609,-270.039489746094,28.2338256835938,0.940320432186127,0.61287248134613,-0.573478281497955,	
-74.4157562255859,-270.089447021484,28.020751953125,0.904603004455566,0.65039324760437,-0.561917364597321,	
-74.3387145996094,-270.393951416016,27.9539184570313,0.933560490608215,0.626191020011902,-0.531468212604523,	
-74.3527679443359,-270.057647705078,28.2283935546875,0.95473450422287,0.613394796848297,-0.548268377780914,	
-74.115837097168,-270.183959960938,28.2294235229492,0.926272034645081,0.629706978797913,-0.553627490997314,	
-74.4884338378906,-270.491149902344,28.16357421875,0.933285653591156,0.608546853065491,-0.561975061893463,	
-74.5057678222656,-269.881683349609,27.9262619018555,0.911851704120636,0.613106369972229,-0.556595385074615,	
-74.1064147949219,-269.993530273438,26.0201187133789,0.920123934745789,0.632483005523682,-0.545226335525513,	
-74.4832000732422,-270.131103515625,28.3178024291992,0.912034451961517,0.638426601886749,-0.539636194705963,	
-74.0404281616211,-270.305480957031,27.0322113037109,0.927147209644318,0.662532389163971,-0.545083582401276,	
-74.341064453125,-270.311889648438,28.6206207275391,0.897864282131195,0.64698314666748,-0.536883413791656,	
-74.3419494628906,-270.224212646484,27.7368087768555,0.926636397838593,0.637980580329895,-0.542488873004913,	
-74.0348052978516,-269.787322998047,26.8852920532227,0.891560912132263,0.674998879432678,-0.542144358158112,	
-74.1873092651367,-270.042907714844,28.2219009399414,0.940681934356689,0.638735592365265,-0.528542220592499,	
-74.3518524169922,-269.958801269531,27.9331588745117,0.940598130226135,0.612983345985413,-0.573484241962433,	
-74.1740493774414,-270.478881835938,28.8589019775391,0.94772082567215,0.634559094905853,-0.539697229862213,	
-74.0554656982422,-270.141662597656,27.8260650634766,0.926309943199158,0.612180292606354,-0.584532499313354,	
-74.2675247192383,-270.360717773438,27.834228515625,0.947885096073151,0.625686526298523,-0.53125387430191,	
-74.6276473999023,-270.049621582031,27.0113220214844,0.962455570697784,0.616623044013977,-0.53971141576767,	
-74.4233245849609,-270.092620849609,28.2294311523438,0.962199866771698,0.625795602798462,-0.562037765979767,	
-74.3464508056641,-269.973114013672,27.722053527832,0.940897166728973,0.612724900245667,-0.562107622623444,	
-74.5754699707031,-270.456237792969,28.1337585449219,0.976695716381073,0.634055733680725,-0.550770580768585,	
-74.5651016235352,-270.102478027344,28.6093521118164,0.933415472507477,0.634506106376648,-0.539654076099396,	
-74.5646667480469,-270.017822265625,28.2189559936523,0.940783262252808,0.638544082641602,-0.542339146137238,	
-74.7151794433594,-269.851531982422,26.9115600585938,0.948523581027985,0.633790612220764,-0.536697030067444,	
-74.7175750732422,-269.936157226563,28.0072631835938,0.976404249668121,0.626092374324799,-0.545223116874695,	
-74.9294128417969,-269.975463867188,27.4183349609375,0.941011965274811,0.60482782125473,-0.528441965579987,	
-74.4133911132813,-270.539367675781,27.3627014160156,0.927081525325775,0.629503309726715,-0.517251908779144,	
-74.7750473022461,-270.415405273438,27.2333145141602,0.919291079044342,0.633669495582581,-0.522746980190277,	
-74.2495574951172,-270.096832275391,28.3059921264648,0.962282240390778,0.651403367519379,-0.525607287883759,	
-74.6205825805664,-270.320373535156,27.8413314819336,0.948102056980133,0.617637693881989,-0.508995354175568,	
-74.4088363647461,-270.461608886719,27.6436233520508,0.926504194736481,0.638546288013458,-0.505826056003571,	
-75.0058135986328,-270.630432128906,28.1284866333008,0.962715446949005,0.635266065597534,-0.483480215072632,	
-74.2529830932617,-270.366119384766,28.0505294799805,0.940725743770599,0.630668699741364,-0.503275096416473,	
-74.553466796875,-270.545959472656,28.1498794555664,0.940925300121307,0.605552136898041,-0.517237365245819,	
-74.6351089477539,-269.887359619141,28.1765899658203,0.954921662807465,0.630208671092987,-0.53118485212326,	
-74.6383209228516,-270.331329345703,27.3176498413086,0.955758392810822,0.638293981552124,-0.508617281913757,	
-74.8348770141602,-270.365142822266,28.4275970458984,0.976549565792084,0.635651648044586,-0.486440479755402,	
-74.5445556640625,-270.545837402344,27.9346008300781,0.926714777946472,0.647754848003387,-0.469407141208649,	
-74.3246307373047,-270.670501708984,27.7396392822266,0.976963102817535,0.64295369386673,-0.500300347805023,	
-74.8546600341797,-270.281768798828,27.018798828125,0.948462188243866,0.63446980714798,-0.494920372962952,	
-74.2533340454102,-270.622955322266,27.5662841796875,0.976913273334503,0.626055061817169,-0.525674819946289,	
-74.3955383300781,-270.363006591797,27.3429718017578,0.962373435497284,0.608836948871613,-0.528605759143829,	
-74.5592803955078,-270.547119140625,27.6514053344727,0.948243319988251,0.651265323162079,-0.503117680549622,	
-74.70361328125,-270.295471191406,28.2214050292969,0.962211191654205,0.626841247081757,-0.500290274620056,	
-74.4777526855469,-270.856872558594,28.7498168945313,0.99071341753006,0.611020565032959,-0.466727614402771,	
-74.8574905395508,-270.641540527344,29.0387802124023,0.969209134578705,0.639906883239746,-0.497340142726898,	
-74.9256744384766,-270.336639404297,26.9344253540039,0.955689370632172,0.647199034690857,-0.483541131019592,	
-74.7007751464844,-270.288452148438,28.0401306152344,0.984419763088226,0.647974729537964,-0.480603456497192,	
-74.3988952636719,-270.633544921875,27.4730834960938,0.962544739246368,0.626545310020447,-0.491919279098511,	
-74.3379211425781,-269.979278564453,28.0929412841797,0.955054104328156,0.614185512065887,-0.508945643901825,	
-74.6217575073242,-270.333282470703,27.6341171264648,0.970012366771698,0.639129996299744,-0.494787037372589,	
-74.4716567993164,-270.67724609375,28.0367660522461,0.984350502490997,0.647944927215576,-0.480713605880737,	
-74.5354156494141,-270.376373291016,27.2120895385742,0.934591710567474,0.651755332946777,-0.452543675899506,	
-74.5403900146484,-270.822357177734,28.060302734375,0.98393052816391,0.623049318790436,-0.466849803924561,	
-74.8410186767578,-270.553924560547,28.3449020385742,0.948241412639618,0.635567307472229,-0.458401739597321,	
-74.3980026245117,-270.72119140625,28.8568954467773,0.990947902202606,0.619246125221252,-0.4891636967659,	
-74.2601852416992,-270.559906005859,28.4419479370117,0.983838617801666,0.623300850391388,-0.483569800853729,	
-74.6139450073242,-270.602569580078,27.1069183349609,0.970499575138092,0.6557776927948,-0.460876226425171,	
-74.6948852539063,-270.656433105469,27.4328536987305,0.970047652721405,0.614796459674835,-0.458402872085571,	
-74.6889190673828,-270.558624267578,29.2185668945313,0.96245139837265,0.653413951396942,-0.444204926490784,	
-75.0043182373047,-270.737701416016,28.0328750610352,0.947704136371613,0.627271592617035,-0.466755509376526,	
-74.9160766601563,-270.612609863281,28.6350021362305,0.954956233501434,0.632539927959442,-0.427528917789459,	
-74.3774337768555,-270.737915039063,27.1633605957031,0.962985575199127,0.635513663291931,-0.441396832466125,	
-74.2281036376953,-270.553985595703,28.8349838256836,0.94847708940506,0.661763608455658,-0.424566507339478,	
-74.4612121582031,-270.686187744141,28.1716003417969,0.977098762989044,0.660550832748413,-0.469343543052673,	
-74.7754058837891,-270.784851074219,28.2480392456055,0.984060823917389,0.640173971652985,-0.463817417621613,	
-74.6953659057617,-270.553314208984,28.2586212158203,0.969611942768097,0.61519193649292,-0.458427786827087,	
-74.8498077392578,-270.74609375,26.9355773925781,0.970213949680328,0.606116414070129,-0.438610792160034,	
-74.9969329833984,-270.490661621094,28.3276824951172,0.969566881656647,0.648413121700287,-0.438437640666962,	
-74.9279174804688,-270.357574462891,28.1265182495117,1.00523281097412,0.602740108966827,-0.461311757564545,	
-75.1510848999023,-270.220703125,27.3291168212891,0.999123990535736,0.622984290122986,-0.461147367954254,	
-74.6686401367188,-270.553894042969,28.0424575805664,0.977339565753937,0.644948899745941,-0.424688398838043,	
-74.7641372680664,-270.439178466797,27.9176177978516,0.977380812168121,0.636645615100861,-0.413383543491364,	
-74.9847946166992,-270.735137939453,28.4392318725586,1.00551974773407,0.637040317058563,-0.419000566005707,	
-74.6799087524414,-270.466278076172,28.9146957397461,0.983581244945526,0.633126318454742,-0.433268129825592,	
-74.8457794189453,-270.736572265625,28.5513687133789,0.983856499195099,0.649360239505768,-0.418877840042114,	
-74.7672119140625,-270.693420410156,27.6410522460938,0.977034628391266,0.627662122249603,-0.433223605155945,	
-74.5384063720703,-271.07763671875,27.8646774291992,0.955435335636139,0.615090191364288,-0.430484116077423,	
-74.4667816162109,-270.955047607422,28.7745056152344,1.01263153553009,0.624286770820618,-0.43581885099411,	
-74.6935653686523,-270.654754638672,28.3461685180664,0.984388053417206,0.623799502849579,-0.433204233646393,	
-74.7741088867188,-270.689147949219,28.52685546875,0.99124401807785,0.636525332927704,-0.44705069065094,	
-74.6041030883789,-270.35009765625,28.2265167236328,0.984381020069122,0.641012966632843,-0.421657562255859,	
-75.0723114013672,-270.792297363281,28.8491744995117,0.969551622867584,0.649355292320251,-0.415997505187988,	
-75.0598373413086,-270.612030029297,28.6303863525391,0.962638437747955,0.636892020702362,-0.41903954744339,	
-74.8288497924805,-270.654357910156,28.2467651367188,0.977092564105988,0.653411448001862,-0.421691060066223,	
-74.3099822998047,-270.780578613281,28.13623046875,0.969696819782257,0.632153570652008,-0.430160880088806,	
-74.6820678710938,-270.734283447266,27.8418731689453,0.984581768512726,0.632291197776794,-0.405094623565674,	
-74.6903457641602,-271.093597412109,27.8573303222656,0.98436313867569,0.615750789642334,-0.405210196971893,	
-74.9142761230469,-270.876281738281,28.5273818969727,0.984092533588409,0.624394536018372,-0.424720525741577,	
-74.9829864501953,-270.919189453125,28.1417922973633,0.969942033290863,0.632437705993652,-0.419096708297729,	
-74.9899749755859,-270.658386230469,28.1323013305664,0.984098494052887,0.616028428077698,-0.416307985782623,	
-74.9236526489258,-270.620483398438,27.9237823486328,0.976946175098419,0.619307100772858,-0.455717265605927,	
-75.1413040161133,-270.219909667969,28.3729019165039,0.976763427257538,0.611813008785248,-0.424916505813599,	
-74.7531967163086,-270.611267089844,27.6223983764648,0.969883263111115,0.606644332408905,-0.433242917060852,	
-75.3065948486328,-270.658630371094,27.3199310302734,0.948651254177094,0.635966420173645,-0.410646855831146,	
-75.1461639404297,-270.578369140625,28.2126159667969,0.955396831035614,0.632573127746582,-0.402192950248718,	
-75.1255340576172,-270.566375732422,27.5207061767578,0.984583914279938,0.63247948884964,-0.393969476222992,	
-75.2866287231445,-270.139068603516,28.3073577880859,0.955362498760223,0.623667359352112,-0.424821078777313,	
-74.9959411621094,-270.918426513672,27.6514358520508,0.98436576128006,0.640431880950928,-0.421902418136597,	
-74.9043731689453,-270.787261962891,27.3374099731445,0.970680296421051,0.632063984870911,-0.391119480133057,	
-74.6124649047852,-270.699432373047,28.4214553833008,0.991636216640472,0.637626230716705,-0.39104175567627,	
-74.6873016357422,-271.099060058594,28.2677459716797,0.963354051113129,0.612350821495056,-0.377240836620331,	
-75.2366180419922,-270.455261230469,28.0085144042969,0.97703093290329,0.611823856830597,-0.396795690059662,	
-75.2875137329102,-271.0185546875,27.8456802368164,0.984121978282928,0.615847289562225,-0.393800377845764,	
-75.4405975341797,-270.67041015625,26.9181976318359,0.963458597660065,0.65319550037384,-0.379595160484314,	
-74.5999298095703,-270.873168945313,27.9269714355469,0.991829693317413,0.637178659439087,-0.388342201709747,	
-74.8365020751953,-270.490020751953,27.9101867675781,0.96283894777298,0.637061238288879,-0.379903793334961,	
-74.9833679199219,-270.315795898438,28.2246322631836,0.947933852672577,0.611473619937897,-0.399647891521454,	
-75.0553817749023,-270.351623535156,27.6960983276367,0.955382525920868,0.632092773914337,-0.396540105342865,	
-75.0575256347656,-270.874908447266,28.1329803466797,0.941310107707977,0.624611556529999,-0.37160325050354,	
-75.360481262207,-270.450531005859,26.9042053222656,0.955707013607025,0.615481972694397,-0.379889309406281,	
-75.2873764038086,-270.666625976563,27.6232299804688,0.998679101467133,0.641197979450226,-0.37983500957489,	
-75.3613967895508,-270.706878662109,26.9241714477539,0.941824913024902,0.640604734420776,-0.377134203910828,	
-75.0597915649414,-270.798095703125,28.5401000976563,0.97673374414444,0.621161580085754,-0.374474108219147,	
-74.9745788574219,-270.9228515625,28.2415161132813,0.998566687107086,0.624886512756348,-0.368883550167084,	
-75.2181854248047,-270.529907226563,27.9141693115234,0.94820374250412,0.628697454929352,-0.394005000591278,	
-75.4515380859375,-270.418701171875,28.5235977172852,0.933815598487854,0.587478637695313,-0.377388119697571,	
-75.5160064697266,-270.711090087891,28.9202423095703,0.969466745853424,0.616883933544159,-0.388423204421997,	
-75.7342300415039,-270.150817871094,27.9939346313477,0.984220921993256,0.63323712348938,-0.374247312545776,	
-75.5055618286133,-270.451599121094,27.9862747192383,0.926469743251801,0.616451025009155,-0.368788838386536,	
-75.4401779174805,-270.497436523438,27.9030380249023,0.962694346904755,0.62097555398941,-0.354821681976318,	
-75.5757675170898,-270.504577636719,28.2753677368164,0.947923600673676,0.603953659534454,-0.374469578266144,	
-75.5083236694336,-270.458190917969,28.3982238769531,0.96952098608017,0.625272035598755,-0.363147854804993,	
-75.7340240478516,-270.679931640625,27.3840713500977,0.941249251365662,0.616455972194672,-0.349115133285522,	
-75.7390213012695,-270.594848632813,27.4891510009766,0.941216230392456,0.616581201553345,-0.340882241725922,	
-75.73046875,-270.409790039063,28.1008911132813,0.955197632312775,0.63329291343689,-0.354739010334015,	
-75.6569976806641,-270.541687011719,27.1988372802734,0.927200853824615,0.624351441860199,-0.354674637317657,	
-75.3717422485352,-270.362884521484,26.7764511108398,0.948853194713593,0.602944195270538,-0.354917824268341,	
-75.3637237548828,-270.717834472656,27.2957458496094,0.955782353878021,0.616028189659119,-0.349240839481354,	
-75.1351699829102,-270.583801269531,26.9884033203125,0.92734694480896,0.64946448802948,-0.349119484424591,	
-75.3603057861328,-270.721710205078,28.2001113891602,0.955396831035614,0.617063581943512,-0.346351861953735,	
-75.6088714599609,-270.420349121094,27.2273559570313,0.963108599185944,0.637260675430298,-0.340657711029053,	
-75.6729507446289,-270.721557617188,28.7077865600586,0.955391943454742,0.625521600246429,-0.34931355714798,	
-75.7428436279297,-269.977172851563,28.0777816772461,0.962549030780792,0.629237949848175,-0.366068303585052,	
-75.4433059692383,-270.592926025391,28.0161666870117,0.962407171726227,0.571169793605804,-0.341067790985107,	
-75.4376525878906,-270.497955322266,27.6935195922852,0.941463589668274,0.641502439975739,-0.349124193191528,	
-75.6584548950195,-270.458251953125,27.8993530273438,0.941315412521362,0.625084161758423,-0.343678653240204,	
-75.2098846435547,-270.543151855469,27.9874725341797,0.970376908779144,0.634262442588806,-0.32114565372467,	
-75.6686782836914,-270.380493164063,27.0114822387695,0.941398799419403,0.59963047504425,-0.341028213500977,	
-75.6726531982422,-270.110717773438,26.9677352905273,0.934456348419189,0.612073659896851,-0.346631705760956,	
-75.5799331665039,-270.669097900391,28.113151550293,0.955655992031097,0.625200271606445,-0.340829312801361,	
-75.8832778930664,-270.593322753906,28.2194213867188,0.933843076229095,0.629896581172943,-0.318362534046173,	
-75.5082550048828,-270.542053222656,27.3988189697266,0.92705237865448,0.616819798946381,-0.326879680156708,	
-75.5826263427734,-270.597351074219,28.2208633422852,0.955507099628448,0.608733415603638,-0.338221073150635,	
-75.9728164672852,-270.646179199219,29.0238876342773,0.933433771133423,0.60514909029007,-0.329788088798523,	
-75.7426147460938,-270.681945800781,27.7877960205078,0.934135913848877,0.595733523368835,-0.332503259181976,	
-75.8178558349609,-270.469451904297,28.2819976806641,0.93416291475296,0.612857103347778,-0.327022731304169,	
-75.8169708251953,-270.467102050781,27.8861465454102,0.934016942977905,0.621075987815857,-0.340883195400238,	
-76.0327682495117,-270.242370605469,28.7632064819336,0.926286995410919,0.575620889663696,-0.329906404018402,	
-75.2803649902344,-270.588073730469,28.3090438842773,0.94135320186615,0.62538343667984,-0.326823830604553,	
-75.8161315917969,-270.284393310547,26.5903167724609,0.949206650257111,0.636985301971436,-0.329519629478455,	
-75.9594879150391,-270.287902832031,28.0893783569336,0.933698415756226,0.604871273040771,-0.318690299987793,	
-75.5820159912109,-270.672973632813,28.2823104858398,0.940926194190979,0.608762085437775,-0.326823115348816,	
-75.5143051147461,-270.55029296875,26.6027679443359,0.948959171772003,0.612063944339752,-0.321277916431427,	
-75.8169555664063,-270.202697753906,28.6721878051758,0.94809764623642,0.62189394235611,-0.324044287204742,	
-75.7452697753906,-270.680633544922,26.8810729980469,0.934254765510559,0.612609505653381,-0.310079276561737,	
-75.1318283081055,-270.335876464844,26.5775833129883,0.941745638847351,0.616078317165375,-0.315625846385956,	
-75.5948486328125,-270.422485351563,27.4786071777344,0.941252589225769,0.616736173629761,-0.332539081573486,	
-75.7316284179688,-270.157287597656,27.2500839233398,0.905751943588257,0.603937327861786,-0.315824389457703,	
-75.8240661621094,-270.293823242188,26.8851547241211,0.934386074542999,0.587555170059204,-0.318700969219208,	
-75.9571762084961,-270.035827636719,27.4484252929688,0.933925867080688,0.604394972324371,-0.318549275398254,	
-75.8274383544922,-270.123291015625,27.5517883300781,0.941213369369507,0.591900050640106,-0.324189901351929,	
-76.0328750610352,-270.250305175781,27.5818786621094,0.941359162330627,0.617017149925232,-0.318411290645599,	
-75.9515228271484,-270.293579101563,27.4644927978516,0.955665647983551,0.58383047580719,-0.304698407649994,	
-75.6708297729492,-270.300476074219,27.6800308227539,0.912678837776184,0.583497226238251,-0.313190817832947,	
-76.4059448242188,-270.463806152344,26.5020065307617,0.963296473026276,0.620782494544983,-0.312878847122192,	
-75.9652328491211,-270.295013427734,27.5565948486328,0.934069752693176,0.595987975597382,-0.315814077854156,	
-75.8807067871094,-270.506774902344,28.2707290649414,0.919935703277588,0.638035774230957,-0.312799751758575,	
-75.8232879638672,-270.469024658203,27.7774658203125,0.919826030731201,0.579741895198822,-0.301930069923401,	
-75.8134078979492,-270.209045410156,27.8477096557617,0.927015960216522,0.592215836048126,-0.304791808128357,	
-75.9512481689453,-270.467834472656,27.5916900634766,0.962749183177948,0.596075713634491,-0.318627238273621,	
-75.7365798950195,-270.421478271484,26.9993515014648,0.926860630512238,0.59149181842804,-0.310261011123657,	
-75.5970611572266,-270.256896972656,27.4916687011719,0.926637470722198,0.583461940288544,-0.310277581214905,	
-75.9747009277344,-270.294677734375,28.2760772705078,0.955544054508209,0.608936667442322,-0.327040553092957,	
-75.6699905395508,-270.032470703125,28.1846466064453,0.91917884349823,0.579767465591431,-0.318861722946167,	
-75.9017639160156,-270.169403076172,27.6695785522461,0.92021781206131,0.629636287689209,-0.31290477514267,	
-75.9621429443359,-270.291290283203,27.7627563476563,0.94839745759964,0.588343560695648,-0.301972448825836,	
-75.8199081420898,-270.291534423828,28.3522109985352,0.926692485809326,0.608922779560089,-0.315768182277679,	
-75.82666015625,-270.214172363281,27.674186706543,0.927265286445618,0.617329657077789,-0.30168491601944,	
-76.0417327880859,-270.245971679688,28.1729888916016,0.941248297691345,0.600849866867065,-0.298948287963867,	
-75.9745483398438,-270.035766601563,26.7584838867188,0.941632151603699,0.59967041015625,-0.310348629951477,	
-75.811408996582,-270.468353271484,27.5069351196289,0.948484122753143,0.620955049991608,-0.321258902549744,	
-76.0372772216797,-270.344024658203,28.0871658325195,0.927092432975769,0.650639235973358,-0.307205080986023,	
-75.8242645263672,-270.291778564453,27.8833084106445,0.912559866905212,0.608839571475983,-0.321570873260498,	
-75.8778762817383,-270.417144775391,27.4744338989258,0.948235094547272,0.595893681049347,-0.3213050365448,	
-75.9634399414063,-269.948974609375,26.9456634521484,0.919737815856934,0.58774209022522,-0.296288251876831,	
-75.6634674072266,-270.122619628906,26.574836730957,0.934905052185059,0.603928983211517,-0.301758110523224,	
-75.8068313598633,-270.208770751953,28.6889190673828,0.962471544742584,0.588544547557831,-0.321569800376892,	
-75.973503112793,-270.295196533203,28.4983291625977,0.95507937669754,0.600950837135315,-0.318708181381226,	
-75.6725463867188,-270.213745117188,27.9931106567383,0.955303609371185,0.609076917171478,-0.313017249107361,	
-75.7480239868164,-270.170562744141,26.4945602416992,0.92725145816803,0.607958018779755,-0.318604826927185,	
-75.7432327270508,-270.085662841797,28.0730590820313,0.948214471340179,0.605246007442474,-0.304663777351379,	
-75.8137969970703,-270.120635986328,27.574104309082,0.919901609420776,0.604732990264893,-0.301936030387878,	
-76.1205444335938,-270.213623046875,28.1706924438477,0.926623642444611,0.60894101858139,-0.313041269779205,	
-75.817512512207,-270.206909179688,28.2565002441406,0.919478833675385,0.612937033176422,-0.310116112232208,	
-76.0410766601563,-269.903686523438,27.6505813598633,0.941294312477112,0.608476758003235,-0.318620681762695,	
-75.8938217163086,-270.159942626953,27.8747406005859,0.912746429443359,0.625605762004852,-0.307324409484863,	
-75.5909194946289,-270.072845458984,28.6544647216797,0.919420063495636,0.588610351085663,-0.304861426353455,	
-75.6798934936523,-270.043548583984,28.3397064208984,0.941102981567383,0.609112620353699,-0.310194969177246,	
-75.7366180419922,-270.077911376953,28.3648986816406,0.94142347574234,0.601060330867767,-0.290608108043671,	
-75.6595458984375,-270.205322265625,28.7792129516602,0.92660927772522,0.601040363311768,-0.310336828231812,	
-75.6617202758789,-270.032287597656,27.2429046630859,0.927212774753571,0.616501748561859,-0.315723776817322,	
-75.7379913330078,-270.2509765625,27.4606857299805,0.941534578800201,0.6172234416008,-0.3102947473526,	
-75.8186950683594,-270.297729492188,27.5841979980469,0.934279084205627,0.596165239810944,-0.310255944728851,	
-75.748893737793,-270.26025390625,27.0855255126953,0.927144467830658,0.616568148136139,-0.310159683227539,	
-75.9788970947266,-270.040740966797,27.8696823120117,0.934303045272827,0.621943771839142,-0.296164929866791,	
-75.8105545043945,-270.374664306641,27.5611343383789,0.927014529705048,0.59207147359848,-0.313303470611572,	
-75.8906478881836,-270.250518798828,28.1713409423828,0.919492840766907,0.580033421516418,-0.310524523258209,	
-75.9691390991211,-269.857879638672,28.3585891723633,0.919918715953827,0.596562743186951,-0.315975964069366,	
-75.8278045654297,-270.207489013672,28.6728744506836,0.940775752067566,0.601037979125977,-0.310376942157745,	
-75.9611968994141,-269.853149414063,28.6438522338867,0.912133038043976,0.601153314113617,-0.296383500099182,	
-75.8892059326172,-270.161315917969,28.0761566162109,0.919290065765381,0.604869723320007,-0.313138246536255,	
-75.7377471923828,-270.243865966797,26.7582626342773,0.934731602668762,0.603858768939972,-0.301810264587402,	
-76.0399017333984,-270.165618896484,28.1615982055664,0.940710186958313,0.592453718185425,-0.313199937343597,	
-76.0361557006836,-269.899200439453,27.5351638793945,0.920154511928558,0.621240139007568,-0.30460250377655,	
-75.8115463256836,-269.946899414063,27.7373733520508,0.941677391529083,0.608720242977142,-0.313233911991119,	
-75.8815460205078,-269.899719238281,27.6191940307617,0.941489338874817,0.600753366947174,-0.310358107089996,	
-76.0307464599609,-270.1640625,27.2536468505859,0.920017957687378,0.612485945224762,-0.315823674201965,	
-75.8846435546875,-270.25146484375,28.1716537475586,0.926766932010651,0.600485980510712,-0.313143193721771,	
-75.9756927490234,-270.033813476563,28.3372573852539,0.919638216495514,0.605102479457855,-0.307583093643188,	
-75.6602172851563,-269.860015869141,28.2633895874023,0.948322594165802,0.596727967262268,-0.307658076286316,	
-75.9003601074219,-269.819244384766,27.5549545288086,0.912142217159271,0.575245440006256,-0.318930923938751,	
-75.8102188110352,-270.029510498047,27.9206161499023,0.9483922123909,0.630089342594147,-0.315853178501129,	
-75.6597442626953,-270.120635986328,28.1623611450195,0.934082448482513,0.605210959911346,-0.3076291680336,	
-75.8217544555664,-270.119659423828,27.7790985107422,0.941670119762421,0.625881433486938,-0.304747998714447,	
-76.1241760253906,-270.035064697266,27.3698043823242,0.933989584445953,0.579450786113739,-0.318993270397186,	
-75.8929901123047,-270.084136962891,28.5681304931641,0.926783502101898,0.601154625415802,-0.307671010494232,	
-75.6655731201172,-269.949157714844,27.2692031860352,0.920124769210815,0.612762749195099,-0.301919460296631,	
-75.9015197753906,-270.082702636719,27.7773361206055,0.934133291244507,0.604379713535309,-0.324339926242828,	
-75.7547760009766,-269.819061279297,27.7379989624023,0.948795020580292,0.596487522125244,-0.299290060997009,	
-75.8256912231445,-269.948638916016,27.4499664306641,0.93427574634552,0.604767739772797,-0.30470609664917,	
-76.1157531738281,-270.1240234375,27.1690979003906,0.891447246074677,0.603928208351135,-0.313167691230774,	
-75.9731292724609,-270.210998535156,26.8772583007813,0.941683888435364,0.600402116775513,-0.301984190940857,	
-75.6715621948242,-270.120849609375,27.1635665893555,0.949121177196503,0.604465782642365,-0.304782509803772,	
-75.8159408569336,-269.956298828125,27.4727478027344,0.934024274349213,0.579465627670288,-0.318938255310059,	
-75.8080673217773,-270.029907226563,27.0622406005859,0.9273481965065,0.616220474243164,-0.335586965084076,	
-75.8268051147461,-270.040710449219,27.1632537841797,0.898874044418335,0.5915367603302,-0.315974116325378,	
-76.0409240722656,-270.161437988281,26.9314346313477,0.920196056365967,0.604045748710632,-0.315870583057404,	
-75.7469024658203,-269.73046875,28.0226593017578,0.927035868167877,0.584281980991364,-0.304869413375854,	
-75.7488403320313,-269.818725585938,28.8527374267578,0.934216856956482,0.613776981830597,-0.307533144950867,	
-75.8128433227539,-269.766784667969,28.2251205444336,0.927011013031006,0.600678205490112,-0.307529985904694,	
-76.1216125488281,-270.296539306641,28.1797180175781,0.926622152328491,0.608796656131744,-0.321552932262421,	
-76.1131820678711,-269.953155517578,27.4504699707031,0.948361814022064,0.588232398033142,-0.307701945304871,	
-76.1207122802734,-269.867553710938,26.7650756835938,0.927465319633484,0.599624872207642,-0.313145697116852,	
-75.8313446044922,-269.523956298828,27.048957824707,0.934816896915436,0.637840867042542,-0.307370245456696,	
-75.9660339355469,-270.031494140625,28.0395278930664,0.912412106990814,0.592469334602356,-0.313288033008575,	
-75.751823425293,-269.730224609375,26.557975769043,0.927323639392853,0.608219981193542,-0.304755687713623,	
-75.7410736083984,-269.817626953125,27.1458892822266,0.934675991535187,0.604261100292206,-0.310410857200623,	
-75.7382583618164,-269.555358886719,27.4549255371094,0.941288530826569,0.583507120609283,-0.318951427936554,	
-76.0452880859375,-269.636322021484,27.7291488647461,0.941565871238708,0.625840902328491,-0.304689764976501,	
-75.5976028442383,-269.996734619141,27.8620223999023,0.920076787471771,0.638275027275085,-0.30190122127533,	
-75.7538833618164,-269.90673828125,28.1218032836914,0.962657272815704,0.60521012544632,-0.313221573829651,	
-75.9078063964844,-269.90283203125,27.0697174072266,0.912867426872253,0.591512203216553,-0.313229382038116,	
-76.1932907104492,-269.902893066406,26.7407531738281,0.91999477148056,0.595690667629242,-0.301890909671783,	
